 -4.  1.58216673
 -3.95  1.62967812
 -3.9  1.67717826
 -3.85  1.72466526
 -3.8  1.77213593
 -3.75  1.81958856
 -3.7  1.867015
 -3.64999999  1.91441161
 -3.59999999  1.96177051
 -3.54999999  2.00908191
 -3.49999999  2.05633373
 -3.44999999  2.1035136
 -3.39999999  2.15060457
 -3.34999999  2.19759329
 -3.29999999  2.24445773
 -3.24999999  2.29117657
 -3.19999999  2.33771607
 -3.14999999  2.38403549
 -3.09999999  2.43011432
 -3.04999999  2.47591572
 -2.99999999  2.52139877
 -2.94999998  2.5665149
 -2.89999998  2.61121153
 -2.84999998  2.655391
 -2.79999998  2.69898517
 -2.74999998  2.7419377
 -2.69999998  2.78416217
 -2.64999998  2.82556536
 -2.59999998  2.86604517
 -2.54999998  2.90548401
 -2.49999998  2.9436238
 -2.44999998  2.98043415
 -2.39999998  3.01577761
 -2.34999998  3.04949008
 -2.29999997  3.08139431
 -2.24999997  3.11129547
 -2.19999997  3.13888234
 -2.14999997  3.16377828
 -2.09999997  3.18586052
 -2.04999997  3.20480072
 -1.99999997  3.22020991
 -1.94999997  3.23162602
 -1.89999997  3.23851412
 -1.84999997  3.23975653
 -1.79999997  3.23481207
 -1.74999997  3.22303777
 -1.69999997  3.2036289
 -1.64999996  3.17588098
 -1.59999996  3.13939453
 -1.54999996  3.09429475
 -1.49999996  3.04158026
 -1.44999996  2.98538698
 -1.39999996  2.93050527
 -1.34999996  2.88196103
 -1.29999996  2.84219035
 -1.24999996  2.80759208
 -1.19999996  2.76584297
 -1.14999996  2.7006703
 -1.09999996  2.60867697
 -1.04999996  2.50855775
 -0.999999955  2.43334175
 -0.949999955  2.3858318
 -0.899999954  2.31690518
 -0.849999953  2.19947747
 -0.799999952  2.10764704
 -0.749999952  2.03840733
 -0.699999951  1.93207787
 -0.64999995  1.84102499
 -0.599999949  1.74208331
 -0.549999949  1.64055366
 -0.499999948  1.54012022
 -0.449999947  1.43478937
 -0.399999946  1.32886256
 -0.349999946  1.22139668
 -0.299999945  1.11151481
 -0.249999944  1.00058919
 -0.199999943  0.888086431
 -0.149999943  0.774123614
 -0.0999999419  0.658851683
 -0.0499999411  0.542345504
  5.96046448E-08  0.424666729
  0.0500000603  0.30590834
  0.100000061  0.186095891
  0.150000062  0.0651881349
  0.200000063 -0.0566548448
  0.250000063 -0.179380912
  0.300000064 -0.302961736
  0.350000065 -0.427356996
  0.400000066 -0.552531429
  0.450000066 -0.678478347
  0.500000067 -0.805164369
  0.550000068 -0.932501873
  0.600000069 -1.06047707
  0.650000069 -1.18906709
  0.70000007 -1.3182433
  0.750000071 -1.44797143
  0.800000072 -1.57827463
  0.850000072 -1.70909938
  0.900000073 -1.84042018
  0.950000074 -1.97220145
  1.00000007 -2.10442895
  1.05000008 -2.23709406
  1.10000008 -2.37018226
  1.15000008 -2.50369875
  1.20000008 -2.63759961
  1.25000008 -2.77187418
  1.30000008 -2.90649853
  1.35000008 -3.04146373
  1.40000008 -3.17676109
  1.45000008 -3.31240179
  1.50000008 -3.44836574
  1.55000008 -3.58462289
  1.60000008 -3.72116647
  1.65000008 -3.85799321
  1.70000008 -3.99508924
  1.75000009 -4.13244297
  1.80000009 -4.27008668
  1.85000009 -4.40797428
  1.90000009 -4.54610751
  1.95000009 -4.68447717
  2.00000009 -4.82308193
  2.05000009 -4.96191857
  2.10000009 -5.10099008
  2.15000009 -5.24030549
  2.20000009 -5.37984719
  2.25000009 -5.51962201
  2.30000009 -5.65963053
  2.35000009 -5.79988614
  2.4000001 -5.94038875
  2.4500001 -6.08119472
  2.5000001 -6.22228711
  2.5500001 -6.36369235
  2.6000001 -6.50543756
  2.6500001 -6.64755359
  2.7000001 -6.79007907
  2.7500001 -6.93306017
  2.8000001 -7.07657987
  2.8500001 -7.220621
  2.9000001 -7.36520502
  2.9500001 -7.51032182
  3.0000001 -7.65592171
  3.05000011 -7.80190877
  3.10000011 -7.94810089
  3.15000011 -8.09420307
  3.20000011 -8.23991191
  3.25000011 -8.3849632
  3.30000011 -8.52922211
  3.35000011 -8.67276154
  3.40000011 -8.81593112
  3.45000011 -8.95918834
  3.50000011 -9.10285865
  3.55000011 -9.24670222
  3.60000011 -9.39036306
  3.65000011 -9.53395285
  3.70000011 -9.67763054
  3.75000012 -9.82138995
  3.80000012 -9.96506384
  3.85000012 -10.1089737
  3.90000012 -10.2527331
  3.95000012 -10.3967993
