      4247.95     0.824138
      4250.39     0.824435
      4252.84     0.824733
      4255.28     0.825030
      4257.72     0.825327
      4260.17     0.825625
      4262.61     0.825922
      4265.05     0.826220
      4267.50     0.826517
      4269.94     0.826814
      4272.38     0.827112
      4274.83     0.827409
      4277.27     0.827706
      4279.71     0.828004
      4282.16     0.828301
      4284.60     0.828598
      4287.04     0.828896
      4289.49     0.829193
      4291.93     0.829491
      4294.37     0.829788
      4296.82     0.830085
      4299.26     0.830383
      4301.70     0.830680
      4304.15     0.830977
      4306.59     0.831275
      4309.03     0.831572
      4311.48     0.831870
      4313.92     0.832167
      4316.36     0.832464
      4318.81     0.832762
      4321.25     0.833059
      4323.69     0.833356
      4326.14     0.833654
      4328.58     0.833951
      4331.02     0.834248
      4333.47     0.834546
      4335.91     0.834843
      4338.35     0.835141
      4340.80     0.835438
      4343.24     0.835735
      4345.68     0.836033
      4348.13     0.836330
      4350.57     0.836627
      4353.01     0.836925
      4355.46     0.837222
      4357.90     0.837520
      4360.34     0.837817
      4362.79     0.838114
      4365.23     0.838412
      4367.67     0.838709
      4370.12     0.839006
      4372.56     0.839304
      4375.00     0.839601
      4377.45     0.839898
      4379.89     0.840196
      4382.33     0.840493
      4384.78     0.840791
      4387.22     0.841088
      4389.67     0.841385
      4392.11     0.841683
      4394.55     0.841980
      4397.00     0.842277
      4399.44     0.842575
      4401.88     0.842872
      4404.33     0.843170
      4406.77     0.843467
      4409.21     0.843764
      4411.66     0.844062
      4414.10     0.844359
      4416.54     0.844656
      4418.99     0.844954
      4421.43     0.845251
      4423.87     0.845548
      4426.32     0.845846
      4428.76     0.846143
      4431.20     0.846441
      4433.65     0.846738
      4436.09     0.847035
      4438.53     0.847333
      4440.98     0.847630
      4443.42     0.847927
      4445.86     0.848225
      4448.31     0.848522
      4450.75     0.848819
      4453.19     0.849117
      4455.64     0.849414
      4458.08     0.849712
      4460.52     0.850009
      4462.97     0.850306
      4465.41     0.850604
      4467.85     0.850901
      4470.30     0.851198
      4472.74     0.851496
      4475.18     0.851793
      4477.63     0.852091
      4480.07     0.852388
      4482.51     0.852685
      4484.96     0.852983
      4487.40     0.853280
      4489.84     0.853577
      4492.29     0.853875
      4494.73     0.854172
      4497.17     0.854469
      4499.62     0.854767
      4502.06     0.855064
      4504.50     0.855299
      4506.95     0.855534
      4509.39     0.855769
      4511.83     0.856004
      4514.28     0.856239
      4516.72     0.856474
      4519.16     0.856709
      4521.61     0.856943
      4524.05     0.857178
      4526.49     0.857413
      4528.94     0.857648
      4531.38     0.857883
      4533.82     0.858118
      4536.27     0.858353
      4538.71     0.858588
      4541.15     0.858823
      4543.60     0.859058
      4546.04     0.859292
      4548.48     0.859527
      4550.93     0.859762
      4553.37     0.859997
      4555.81     0.860232
      4558.26     0.860467
      4560.70     0.860702
      4563.14     0.860937
      4565.59     0.861172
      4568.03     0.861407
      4570.47     0.861641
      4572.92     0.861876
      4575.36     0.862111
      4577.80     0.862346
      4580.25     0.862581
      4582.69     0.862816
      4585.13     0.863051
      4587.58     0.863286
      4590.02     0.863521
      4592.46     0.863756
      4594.91     0.863990
      4597.35     0.864225
      4599.79     0.864460
      4602.24     0.864695
      4604.68     0.864930
      4607.12     0.865165
      4609.57     0.865400
      4612.01     0.865635
      4614.45     0.865870
      4616.90     0.866105
      4619.34     0.866340
      4621.78     0.866574
      4624.23     0.866809
      4626.67     0.867044
      4629.11     0.867279
      4631.56     0.867514
      4634.00     0.867749
      4636.44     0.867984
      4638.89     0.868219
      4641.33     0.868454
      4643.77     0.868689
      4646.22     0.868923
      4648.66     0.869158
      4651.10     0.869393
      4653.55     0.869628
      4655.99     0.869863
      4658.43     0.870098
      4660.88     0.870333
      4663.32     0.870568
      4665.76     0.870803
      4668.21     0.871038
      4670.65     0.871272
      4673.09     0.871507
      4675.54     0.871742
      4677.98     0.871977
      4680.42     0.872212
      4682.87     0.872447
      4685.31     0.872682
      4687.75     0.872917
      4690.20     0.873152
      4692.64     0.873387
      4695.08     0.873621
      4697.53     0.873856
      4699.97     0.874091
      4702.42     0.874326
      4704.86     0.874561
      4707.30     0.874796
      4709.75     0.875031
      4712.19     0.875266
      4714.63     0.875501
      4717.08     0.875736
      4719.52     0.875970
      4721.96     0.876205
      4724.41     0.876440
      4726.85     0.876675
      4729.29     0.876910
      4731.74     0.877145
      4734.18     0.877380
      4736.62     0.877615
      4739.07     0.877850
      4741.51     0.878085
      4743.95     0.878320
      4746.40     0.878554
      4748.84     0.878789
      4751.28     0.879024
      4753.73     0.879103
      4756.17     0.879182
      4758.61     0.879261
      4761.06     0.879340
      4763.50     0.879419
      4765.94     0.879498
      4768.39     0.879577
      4770.83     0.879656
      4773.27     0.879735
      4775.72     0.879814
      4778.16     0.879893
      4780.60     0.879972
      4783.05     0.880051
      4785.49     0.880130
      4787.93     0.880209
      4790.38     0.880288
      4792.82     0.880367
      4795.26     0.880446
      4797.71     0.880525
      4800.15     0.880604
      4802.59     0.880683
      4805.04     0.880762
      4807.48     0.880841
      4809.92     0.880920
      4812.37     0.880999
      4814.81     0.881078
      4817.25     0.881157
      4819.70     0.881236
      4822.14     0.881315
      4824.58     0.881393
      4827.03     0.881472
      4829.47     0.881551
      4831.91     0.881630
      4834.36     0.881709
      4836.80     0.881788
      4839.24     0.881867
      4841.69     0.881946
      4844.13     0.882025
      4846.57     0.882104
      4849.02     0.882183
      4851.46     0.882262
      4853.90     0.882341
      4856.35     0.882420
      4858.79     0.882499
      4861.23     0.882578
      4863.68     0.882657
      4866.12     0.882736
      4868.56     0.882815
      4871.01     0.882894
      4873.45     0.882973
      4875.89     0.883052
      4878.34     0.883131
      4880.78     0.883210
      4883.22     0.883289
      4885.67     0.883368
      4888.11     0.883447
      4890.55     0.883526
      4893.00     0.883605
      4895.44     0.883684
      4897.88     0.883763
      4900.33     0.883842
      4902.77     0.883921
      4905.21     0.884000
      4907.66     0.884079
      4910.10     0.884158
      4912.54     0.884237
      4914.99     0.884316
      4917.43     0.884395
      4919.87     0.884474
      4922.32     0.884553
      4924.76     0.884632
      4927.20     0.884710
      4929.65     0.884789
      4932.09     0.884868
      4934.53     0.884947
      4936.98     0.885026
      4939.42     0.885105
      4941.86     0.885184
      4944.31     0.885263
      4946.75     0.885342
      4949.19     0.885421
      4951.64     0.885500
      4954.08     0.885579
      4956.52     0.885658
      4958.97     0.885737
      4961.41     0.885816
      4963.85     0.885895
      4966.30     0.885974
      4968.74     0.886053
      4971.18     0.886132
      4973.63     0.886211
      4976.07     0.886290
      4978.51     0.886369
      4980.96     0.886448
      4983.40     0.886527
      4985.84     0.886606
      4988.29     0.886685
      4990.73     0.886764
      4993.17     0.886843
      4995.62     0.886922
      4998.06     0.887001
      5000.50     0.887080
      5002.95     0.887159
      5005.39     0.887239
      5007.83     0.887320
      5010.28     0.887400
      5012.72     0.887481
      5015.17     0.887561
      5017.61     0.887642
      5020.05     0.887722
      5022.50     0.887802
      5024.94     0.887883
      5027.38     0.887963
      5029.83     0.888044
      5032.27     0.888124
      5034.71     0.888205
      5037.16     0.888285
      5039.60     0.888366
      5042.04     0.888446
      5044.49     0.888527
      5046.93     0.888607
      5049.37     0.888688
      5051.82     0.888768
      5054.26     0.888849
      5056.70     0.888929
      5059.15     0.889009
      5061.59     0.889090
      5064.03     0.889170
      5066.48     0.889251
      5068.92     0.889331
      5071.36     0.889412
      5073.81     0.889492
      5076.25     0.889573
      5078.69     0.889653
      5081.14     0.889734
      5083.58     0.889814
      5086.02     0.889895
      5088.47     0.889975
      5090.91     0.890056
      5093.35     0.890136
      5095.80     0.890216
      5098.24     0.890297
      5100.68     0.890377
      5103.13     0.890458
      5105.57     0.890538
      5108.01     0.890619
      5110.46     0.890699
      5112.90     0.890780
      5115.34     0.890860
      5117.79     0.890941
      5120.23     0.891021
      5122.67     0.891102
      5125.12     0.891182
      5127.56     0.891263
      5130.00     0.891343
      5132.45     0.891423
      5134.89     0.891504
      5137.33     0.891584
      5139.78     0.891665
      5142.22     0.891745
      5144.66     0.891826
      5147.11     0.891906
      5149.55     0.891987
      5151.99     0.892067
      5154.44     0.892148
      5156.88     0.892228
      5159.32     0.892309
      5161.77     0.892389
      5164.21     0.892470
      5166.65     0.892550
      5169.10     0.892630
      5171.54     0.892711
      5173.98     0.892791
      5176.43     0.892872
      5178.87     0.892952
      5181.31     0.893033
      5183.76     0.893113
      5186.20     0.893194
      5188.64     0.893274
      5191.09     0.893355
      5193.53     0.893435
      5195.97     0.893516
      5198.42     0.893596
      5200.86     0.893677
      5203.30     0.893757
      5205.75     0.893837
      5208.19     0.893918
      5210.63     0.893998
      5213.08     0.894079
      5215.52     0.894159
      5217.96     0.894240
      5220.41     0.894320
      5222.85     0.894401
      5225.29     0.894481
      5227.74     0.894562
      5230.18     0.894642
      5232.62     0.894723
      5235.07     0.894803
      5237.51     0.894884
      5239.95     0.894964
      5242.40     0.895044
      5244.84     0.895125
      5247.28     0.895205
      5249.73     0.895286
      5252.17     0.895366
      5254.61     0.895366
      5257.06     0.895366
      5259.50     0.895366
      5261.94     0.895366
      5264.39     0.895366
      5266.83     0.895366
      5269.27     0.895366
      5271.72     0.895366
      5274.16     0.895366
      5276.60     0.895366
      5279.05     0.895366
      5281.49     0.895366
      5283.93     0.895366
      5286.38     0.895366
      5288.82     0.895366
      5291.26     0.895366
      5293.71     0.895366
      5296.15     0.895366
      5298.59     0.895366
      5301.04     0.895366
      5303.48     0.895366
      5305.92     0.895366
      5308.37     0.895366
      5310.81     0.895366
      5313.25     0.895366
      5315.70     0.895366
      5318.14     0.895366
      5320.58     0.895366
      5323.03     0.895366
      5325.47     0.895366
      5327.92     0.895366
      5330.36     0.895366
      5332.80     0.895366
      5335.25     0.895366
      5337.69     0.895366
      5340.13     0.895366
      5342.58     0.895366
      5345.02     0.895366
      5347.46     0.895366
      5349.91     0.895366
      5352.35     0.895366
      5354.79     0.895366
      5357.24     0.895366
      5359.68     0.895366
      5362.12     0.895366
      5364.57     0.895366
      5367.01     0.895366
      5369.45     0.895366
      5371.90     0.895366
      5374.34     0.895366
      5376.78     0.895366
      5379.23     0.895366
      5381.67     0.895366
      5384.11     0.895366
      5386.56     0.895366
      5389.00     0.895366
      5391.44     0.895366
      5393.89     0.895366
      5396.33     0.895366
      5398.77     0.895366
      5401.22     0.895366
      5403.66     0.895366
      5406.10     0.895366
      5408.55     0.895366
      5410.99     0.895366
      5413.43     0.895366
      5415.88     0.895366
      5418.32     0.895366
      5420.76     0.895366
      5423.21     0.895366
      5425.65     0.895366
      5428.09     0.895366
      5430.54     0.895366
      5432.98     0.895366
      5435.42     0.895366
      5437.87     0.895366
      5440.31     0.895366
      5442.75     0.895366
      5445.20     0.895366
      5447.64     0.895366
      5450.08     0.895366
      5452.53     0.895366
      5454.97     0.895366
      5457.41     0.895366
      5459.86     0.895366
      5462.30     0.895366
      5464.74     0.895366
      5467.19     0.895366
      5469.63     0.895366
      5472.07     0.895366
      5474.52     0.895366
      5476.96     0.895366
      5479.40     0.895366
      5481.85     0.895366
      5484.29     0.895366
      5486.73     0.895366
      5489.18     0.895366
      5491.62     0.895366
      5494.06     0.895366
      5496.51     0.895366
      5498.95     0.895366
      5501.39     0.895366
      5503.84     0.895366
      5506.28     0.895366
      5508.72     0.895366
      5511.17     0.895366
      5513.61     0.895366
      5516.05     0.895366
      5518.50     0.895366
      5520.94     0.895366
      5523.38     0.895366
      5525.83     0.895366
      5528.27     0.895366
      5530.71     0.895366
      5533.16     0.895366
      5535.60     0.895366
      5538.04     0.895366
      5540.49     0.895366
      5542.93     0.895366
      5545.37     0.895366
      5547.82     0.895366
      5550.26     0.895366
      5552.70     0.895366
      5555.15     0.895366
      5557.59     0.895366
      5560.03     0.895366
      5562.48     0.895366
      5564.92     0.895366
      5567.36     0.895366
      5569.81     0.895366
      5572.25     0.895366
      5574.69     0.895366
      5577.14     0.895366
      5579.58     0.895366
      5582.02     0.895366
      5584.47     0.895366
      5586.91     0.895366
      5589.35     0.895366
      5591.80     0.895366
      5594.24     0.895366
      5596.68     0.895366
      5599.13     0.895366
      5601.57     0.895366
      5604.01     0.895366
      5606.46     0.895366
      5608.90     0.895366
      5611.34     0.895366
      5613.79     0.895366
      5616.23     0.895366
      5618.67     0.895366
      5621.12     0.895366
      5623.56     0.895366
      5626.00     0.895366
      5628.45     0.895366
      5630.89     0.895366
      5633.33     0.895366
      5635.78     0.895366
      5638.22     0.895366
      5640.67     0.895366
      5643.11     0.895366
      5645.55     0.895366
      5648.00     0.895366
      5650.44     0.895366
      5652.88     0.895366
      5655.33     0.895366
      5657.77     0.895366
      5660.21     0.895366
      5662.66     0.895366
      5665.10     0.895366
      5667.54     0.895366
      5669.99     0.895366
      5672.43     0.895366
      5674.87     0.895366
      5677.32     0.895366
      5679.76     0.895366
      5682.20     0.895366
      5684.65     0.895366
      5687.09     0.895366
      5689.53     0.895366
      5691.98     0.895366
      5694.42     0.895366
      5696.86     0.895366
      5699.31     0.895366
      5701.75     0.895366
      5704.19     0.895366
      5706.64     0.895366
      5709.08     0.895366
      5711.52     0.895366
      5713.97     0.895366
      5716.41     0.895366
      5718.85     0.895366
      5721.30     0.895366
      5723.74     0.895366
      5726.18     0.895366
      5728.63     0.895366
      5731.07     0.895366
      5733.51     0.895366
      5735.96     0.895366
      5738.40     0.895366
      5740.84     0.895366
      5743.29     0.895366
      5745.73     0.895366
      5748.17     0.895366
      5750.62     0.895366
      5753.06     0.895447
      5755.50     0.895529
      5757.95     0.895610
      5760.39     0.895691
      5762.83     0.895772
      5765.28     0.895853
      5767.72     0.895935
      5770.16     0.896016
      5772.61     0.896097
      5775.05     0.896178
      5777.49     0.896259
      5779.94     0.896340
      5782.38     0.896422
      5784.82     0.896503
      5787.27     0.896584
      5789.71     0.896665
      5792.15     0.896746
      5794.60     0.896828
      5797.04     0.896909
      5799.48     0.896990
      5801.93     0.897071
      5804.37     0.897152
      5806.81     0.897233
      5809.26     0.897315
      5811.70     0.897396
      5814.14     0.897477
      5816.59     0.897558
      5819.03     0.897639
      5821.47     0.897721
      5823.92     0.897802
      5826.36     0.897883
      5828.80     0.897964
      5831.25     0.898045
      5833.69     0.898126
      5836.13     0.898208
      5838.58     0.898289
      5841.02     0.898370
      5843.46     0.898451
      5845.91     0.898532
      5848.35     0.898614
      5850.79     0.898695
      5853.24     0.898776
      5855.68     0.898857
      5858.12     0.898938
      5860.57     0.899019
      5863.01     0.899101
      5865.45     0.899182
      5867.90     0.899263
      5870.34     0.899344
      5872.78     0.899425
      5875.23     0.899507
      5877.67     0.899588
      5880.11     0.899669
      5882.56     0.899750
      5885.00     0.899831
      5887.44     0.899912
      5889.89     0.899994
      5892.33     0.900075
      5894.77     0.900156
      5897.22     0.900237
      5899.66     0.900318
      5902.10     0.900400
      5904.55     0.900481
      5906.99     0.900562
      5909.43     0.900643
      5911.88     0.900724
      5914.32     0.900805
      5916.76     0.900887
      5919.21     0.900968
      5921.65     0.901049
      5924.09     0.901130
      5926.54     0.901211
      5928.98     0.901293
      5931.42     0.901374
      5933.87     0.901455
      5936.31     0.901536
      5938.75     0.901617
      5941.20     0.901698
      5943.64     0.901780
      5946.08     0.901861
      5948.53     0.901942
      5950.97     0.902023
      5953.42     0.902104
      5955.86     0.902186
      5958.30     0.902267
      5960.75     0.902348
      5963.19     0.902429
      5965.63     0.902510
      5968.08     0.902591
      5970.52     0.902673
      5972.96     0.902754
      5975.41     0.902835
      5977.85     0.902916
      5980.29     0.902997
      5982.74     0.903079
      5985.18     0.903160
      5987.62     0.903241
      5990.07     0.903322
      5992.51     0.903403
      5994.95     0.903484
      5997.40     0.903566
      5999.84     0.903647
      6002.28     0.903647
      6004.73     0.903647
      6007.17     0.903647
      6009.61     0.903647
      6012.06     0.903647
      6014.50     0.903647
      6016.94     0.903647
      6019.39     0.903647
      6021.83     0.903647
      6024.27     0.903647
      6026.72     0.903647
      6029.16     0.903647
      6031.60     0.903647
      6034.05     0.903647
      6036.49     0.903647
      6038.93     0.903647
      6041.38     0.903647
      6043.82     0.903647
      6046.26     0.903647
      6048.71     0.903647
      6051.15     0.903647
      6053.59     0.903647
      6056.04     0.903647
      6058.48     0.903647
      6060.92     0.903647
      6063.37     0.903647
      6065.81     0.903647
      6068.25     0.903647
      6070.70     0.903647
      6073.14     0.903647
      6075.58     0.903647
      6078.03     0.903647
      6080.47     0.903647
      6082.91     0.903647
      6085.36     0.903647
      6087.80     0.903647
      6090.24     0.903647
      6092.69     0.903647
      6095.13     0.903647
      6097.57     0.903647
      6100.02     0.903647
      6102.46     0.903647
      6104.90     0.903647
      6107.35     0.903647
      6109.79     0.903647
      6112.23     0.903647
      6114.68     0.903647
      6117.12     0.903647
      6119.56     0.903647
      6122.01     0.903647
      6124.45     0.903647
      6126.89     0.903647
      6129.34     0.903647
      6131.78     0.903647
      6134.22     0.903647
      6136.67     0.903647
      6139.11     0.903647
      6141.55     0.903647
      6144.00     0.903647
      6146.44     0.903647
      6148.88     0.903647
      6151.33     0.903647
      6153.77     0.903647
      6156.21     0.903647
      6158.66     0.903647
      6161.10     0.903647
      6163.54     0.903647
      6165.99     0.903647
      6168.43     0.903647
      6170.87     0.903647
      6173.32     0.903647
      6175.76     0.903647
      6178.20     0.903647
      6180.65     0.903647
      6183.09     0.903647
      6185.53     0.903647
      6187.98     0.903647
      6190.42     0.903647
      6192.86     0.903647
      6195.31     0.903647
      6197.75     0.903647
      6200.19     0.903647
      6202.64     0.903647
      6205.08     0.903647
      6207.52     0.903647
      6209.97     0.903647
      6212.41     0.903647
      6214.85     0.903647
      6217.30     0.903647
      6219.74     0.903647
      6222.18     0.903647
      6224.63     0.903647
      6227.07     0.903647
      6229.51     0.903647
      6231.96     0.903647
      6234.40     0.903647
      6236.84     0.903647
      6239.29     0.903647
      6241.73     0.903647
      6244.17     0.903647
      6246.62     0.903647
      6249.06     0.903647
      6251.50     0.903647
      6253.95     0.903647
      6256.39     0.903647
      6258.83     0.903647
      6261.28     0.903647
      6263.72     0.903647
      6266.17     0.903647
      6268.61     0.903647
      6271.05     0.903647
      6273.50     0.903647
      6275.94     0.903647
      6278.38     0.903647
      6280.83     0.903647
      6283.27     0.903647
      6285.71     0.903647
      6288.16     0.903647
      6290.60     0.903647
      6293.04     0.903647
      6295.49     0.903647
      6297.93     0.903647
      6300.37     0.903647
      6302.82     0.903647
      6305.26     0.903647
      6307.70     0.903647
      6310.15     0.903647
      6312.59     0.903647
      6315.03     0.903647
      6317.48     0.903647
      6319.92     0.903647
      6322.36     0.903647
      6324.81     0.903647
      6327.25     0.903647
      6329.69     0.903647
      6332.14     0.903647
      6334.58     0.903647
      6337.02     0.903647
      6339.47     0.903647
      6341.91     0.903647
      6344.35     0.903647
      6346.80     0.903647
      6349.24     0.903647
      6351.68     0.903647
      6354.13     0.903647
      6356.57     0.903647
      6359.01     0.903647
      6361.46     0.903647
      6363.90     0.903647
      6366.34     0.903647
      6368.79     0.903647
      6371.23     0.903647
      6373.67     0.903647
      6376.12     0.903647
      6378.56     0.903647
      6381.00     0.903647
      6383.45     0.903647
      6385.89     0.903647
      6388.33     0.903647
      6390.78     0.903647
      6393.22     0.903647
      6395.66     0.903647
      6398.11     0.903647
      6400.55     0.903647
      6402.99     0.903647
      6405.44     0.903647
      6407.88     0.903647
      6410.32     0.903647
      6412.77     0.903647
      6415.21     0.903647
      6417.65     0.903647
      6420.10     0.903647
      6422.54     0.903647
      6424.98     0.903647
      6427.43     0.903647
      6429.87     0.903647
      6432.31     0.903647
      6434.76     0.903647
      6437.20     0.903647
      6439.64     0.903647
      6442.09     0.903647
      6444.53     0.903647
      6446.97     0.903647
      6449.42     0.903647
      6451.86     0.903647
      6454.30     0.903647
      6456.75     0.903647
      6459.19     0.903647
      6461.63     0.903647
      6464.08     0.903647
      6466.52     0.903647
      6468.96     0.903647
      6471.41     0.903647
      6473.85     0.903647
      6476.29     0.903647
      6478.74     0.903647
      6481.18     0.903647
      6483.62     0.903647
      6486.07     0.903647
      6488.51     0.903647
      6490.95     0.903647
      6493.40     0.903647
      6495.84     0.903647
      6498.28     0.903647
      6500.73     0.903647
      6503.17     0.903694
      6505.61     0.903741
      6508.06     0.903789
      6510.50     0.903836
      6512.94     0.903883
      6515.39     0.903930
      6517.83     0.903978
      6520.27     0.904025
      6522.72     0.904072
      6525.16     0.904119
      6527.60     0.904167
      6530.05     0.904214
      6532.49     0.904261
      6534.93     0.904309
      6537.38     0.904356
      6539.82     0.904403
      6542.26     0.904450
      6544.71     0.904498
      6547.15     0.904545
      6549.59     0.904592
      6552.04     0.904639
      6554.48     0.904687
      6556.92     0.904734
      6559.37     0.904781
      6561.81     0.904828
      6564.25     0.904876
      6566.70     0.904923
      6569.14     0.904970
      6571.58     0.905018
      6574.03     0.905065
      6576.47     0.905112
      6578.92     0.905159
      6581.36     0.905207
      6583.80     0.905254
      6586.25     0.905301
      6588.69     0.905348
      6591.13     0.905396
      6593.58     0.905443
      6596.02     0.905490
      6598.46     0.905537
      6600.91     0.905585
      6603.35     0.905632
      6605.79     0.905679
      6608.24     0.905727
      6610.68     0.905774
      6613.12     0.905821
      6615.57     0.905868
      6618.01     0.905916
      6620.45     0.905963
      6622.90     0.906010
      6625.34     0.906057
      6627.78     0.906105
      6630.23     0.906152
      6632.67     0.906199
      6635.11     0.906246
      6637.56     0.906294
      6640.00     0.906341
      6642.44     0.906388
      6644.89     0.906436
      6647.33     0.906483
      6649.77     0.906530
      6652.22     0.906577
      6654.66     0.906625
      6657.10     0.906672
      6659.55     0.906719
      6661.99     0.906766
      6664.43     0.906814
      6666.88     0.906861
      6669.32     0.906908
      6671.76     0.906955
      6674.21     0.907003
      6676.65     0.907050
      6679.09     0.907097
      6681.54     0.907145
      6683.98     0.907192
      6686.42     0.907239
      6688.87     0.907286
      6691.31     0.907334
      6693.75     0.907381
      6696.20     0.907428
      6698.64     0.907475
      6701.08     0.907523
      6703.53     0.907570
      6705.97     0.907617
      6708.41     0.907664
      6710.86     0.907712
      6713.30     0.907759
      6715.74     0.907806
      6718.19     0.907854
      6720.63     0.907901
      6723.07     0.907948
      6725.52     0.907995
      6727.96     0.908043
      6730.40     0.908090
      6732.85     0.908137
      6735.29     0.908184
      6737.73     0.908232
      6740.18     0.908279
      6742.62     0.908326
      6745.06     0.908373
      6747.51     0.908421
      6749.95     0.908468
      6752.39     0.908515
      6754.84     0.908563
      6757.28     0.908610
      6759.72     0.908657
      6762.17     0.908704
      6764.61     0.908752
      6767.05     0.908799
      6769.50     0.908846
      6771.94     0.908893
      6774.38     0.908941
      6776.83     0.908988
      6779.27     0.909035
      6781.71     0.909082
      6784.16     0.909130
      6786.60     0.909177
      6789.04     0.909224
      6791.49     0.909272
      6793.93     0.909319
      6796.37     0.909366
      6798.82     0.909413
      6801.26     0.909461
      6803.70     0.909508
      6806.15     0.909555
      6808.59     0.909602
      6811.03     0.909650
      6813.48     0.909697
      6815.92     0.909744
      6818.36     0.909791
      6820.81     0.909839
      6823.25     0.909886
      6825.69     0.909933
      6828.14     0.909981
      6830.58     0.910028
      6833.02     0.910075
      6835.47     0.910122
      6837.91     0.910170
      6840.35     0.910217
      6842.80     0.910264
      6845.24     0.910311
      6847.68     0.910359
      6850.13     0.910406
      6852.57     0.910453
      6855.01     0.910500
      6857.46     0.910548
      6859.90     0.910595
      6862.34     0.910642
      6864.79     0.910690
      6867.23     0.910737
      6869.67     0.910784
      6872.12     0.910831
      6874.56     0.910879
      6877.00     0.910926
      6879.45     0.910973
      6881.89     0.911020
      6884.33     0.911068
      6886.78     0.911115
      6889.22     0.911162
      6891.67     0.911209
      6894.11     0.911257
      6896.55     0.911304
      6899.00     0.911351
      6901.44     0.911399
      6903.88     0.911446
      6906.33     0.911493
      6908.77     0.911540
      6911.21     0.911588
      6913.66     0.911635
      6916.10     0.911682
      6918.54     0.911729
      6920.99     0.911777
      6923.43     0.911824
      6925.87     0.911871
      6928.32     0.911918
      6930.76     0.911966
      6933.20     0.912013