      5237.82     0.895365
      5240.28     0.895365
      5242.73     0.895365
      5245.19     0.895365
      5247.64     0.895365
      5250.10     0.895365
      5252.56     0.895365
      5255.01     0.895365
      5257.47     0.895365
      5259.92     0.895365
      5262.38     0.895365
      5264.84     0.895365
      5267.29     0.895365
      5269.75     0.895365
      5272.20     0.895365
      5274.66     0.895365
      5277.12     0.895365
      5279.57     0.895365
      5282.03     0.895365
      5284.48     0.895365
      5286.94     0.895365
      5289.40     0.895365
      5291.85     0.895365
      5294.31     0.895365
      5296.77     0.895365
      5299.22     0.895365
      5301.68     0.895365
      5304.13     0.895365
      5306.59     0.895365
      5309.05     0.895365
      5311.50     0.895365
      5313.96     0.895365
      5316.41     0.895365
      5318.87     0.895365
      5321.33     0.895365
      5323.78     0.895365
      5326.24     0.895365
      5328.69     0.895365
      5331.15     0.895365
      5333.61     0.895365
      5336.06     0.895365
      5338.52     0.895365
      5340.97     0.895365
      5343.43     0.895365
      5345.89     0.895365
      5348.34     0.895365
      5350.80     0.895365
      5353.25     0.895365
      5355.71     0.895365
      5358.17     0.895365
      5360.62     0.895365
      5363.08     0.895365
      5365.53     0.895365
      5367.99     0.895365
      5370.45     0.895365
      5372.90     0.895365
      5375.36     0.895365
      5377.81     0.895365
      5380.27     0.895365
      5382.73     0.895365
      5385.18     0.895365
      5387.64     0.895365
      5390.10     0.895365
      5392.55     0.895365
      5395.01     0.895365
      5397.46     0.895365
      5399.92     0.895365
      5402.38     0.895365
      5404.83     0.895365
      5407.29     0.895365
      5409.74     0.895365
      5412.20     0.895365
      5414.66     0.895365
      5417.11     0.895365
      5419.57     0.895365
      5422.02     0.895365
      5424.48     0.895365
      5426.94     0.895365
      5429.39     0.895365
      5431.85     0.895365
      5434.30     0.895365
      5436.76     0.895365
      5439.22     0.895365
      5441.67     0.895365
      5444.13     0.895365
      5446.58     0.895365
      5449.04     0.895365
      5451.50     0.895365
      5453.95     0.895365
      5456.41     0.895365
      5458.86     0.895365
      5461.32     0.895365
      5463.78     0.895365
      5466.23     0.895365
      5468.69     0.895365
      5471.15     0.895365
      5473.60     0.895365
      5476.06     0.895365
      5478.51     0.895365
      5480.97     0.895365
      5483.43     0.895365
      5485.88     0.895365
      5488.34     0.895365
      5490.79     0.895365
      5493.25     0.895365
      5495.71     0.895365
      5498.16     0.895365
      5500.62     0.895365
      5503.07     0.895365
      5505.53     0.895365
      5507.99     0.895365
      5510.44     0.895365
      5512.90     0.895365
      5515.35     0.895365
      5517.81     0.895365
      5520.27     0.895365
      5522.72     0.895365
      5525.18     0.895365
      5527.63     0.895365
      5530.09     0.895365
      5532.55     0.895365
      5535.00     0.895365
      5537.46     0.895365
      5539.91     0.895365
      5542.37     0.895365
      5544.83     0.895365
      5547.28     0.895365
      5549.74     0.895365
      5552.19     0.895365
      5554.65     0.895365
      5557.11     0.895365
      5559.56     0.895365
      5562.02     0.895365
      5564.48     0.895365
      5566.93     0.895365
      5569.39     0.895365
      5571.84     0.895365
      5574.30     0.895365
      5576.76     0.895365
      5579.21     0.895365
      5581.67     0.895365
      5584.12     0.895365
      5586.58     0.895365
      5589.04     0.895365
      5591.49     0.895365
      5593.95     0.895365
      5596.40     0.895365
      5598.86     0.895365
      5601.32     0.895365
      5603.77     0.895365
      5606.23     0.895365
      5608.68     0.895365
      5611.14     0.895365
      5613.60     0.895365
      5616.05     0.895365
      5618.51     0.895365
      5620.96     0.895365
      5623.42     0.895365
      5625.88     0.895365
      5628.33     0.895365
      5630.79     0.895365
      5633.24     0.895365
      5635.70     0.895365
      5638.16     0.895365
      5640.61     0.895365
      5643.07     0.895365
      5645.52     0.895365
      5647.98     0.895365
      5650.44     0.895365
      5652.89     0.895365
      5655.35     0.895365
      5657.81     0.895365
      5660.26     0.895365
      5662.72     0.895365
      5665.17     0.895365
      5667.63     0.895365
      5670.09     0.895365
      5672.54     0.895365
      5675.00     0.895365
      5677.45     0.895365
      5679.91     0.895365
      5682.37     0.895365
      5684.82     0.895365
      5687.28     0.895365
      5689.73     0.895365
      5692.19     0.895365
      5694.65     0.895365
      5697.10     0.895365
      5699.56     0.895365
      5702.01     0.895365
      5704.47     0.895365
      5706.93     0.895365
      5709.38     0.895365
      5711.84     0.895365
      5714.29     0.895365
      5716.75     0.895365
      5719.21     0.895365
      5721.66     0.895365
      5724.12     0.895365
      5726.57     0.895365
      5729.03     0.895365
      5731.49     0.895365
      5733.94     0.895365
      5736.40     0.895365
      5738.85     0.895365
      5741.31     0.895365
      5743.77     0.895365
      5746.22     0.895365
      5748.68     0.895365
      5751.14     0.895365
      5753.59     0.895365
      5756.05     0.895447
      5758.50     0.895529
      5760.96     0.895611
      5763.42     0.895693
      5765.87     0.895775
      5768.33     0.895857
      5770.78     0.895939
      5773.24     0.896021
      5775.70     0.896103
      5778.15     0.896185
      5780.61     0.896267
      5783.06     0.896349
      5785.52     0.896431
      5787.98     0.896513
      5790.43     0.896595
      5792.89     0.896677
      5795.34     0.896759
      5797.80     0.896841
      5800.26     0.896923
      5802.71     0.897005
      5805.17     0.897087
      5807.62     0.897169
      5810.08     0.897251
      5812.54     0.897333
      5814.99     0.897415
      5817.45     0.897497
      5819.90     0.897579
      5822.36     0.897661
      5824.82     0.897743
      5827.27     0.897825
      5829.73     0.897907
      5832.19     0.897990
      5834.64     0.898072
      5837.10     0.898154
      5839.55     0.898236
      5842.01     0.898318
      5844.47     0.898400
      5846.92     0.898482
      5849.38     0.898564
      5851.83     0.898646
      5854.29     0.898728
      5856.75     0.898810
      5859.20     0.898892
      5861.66     0.898974
      5864.11     0.899056
      5866.57     0.899138
      5869.03     0.899220
      5871.48     0.899302
      5873.94     0.899384
      5876.39     0.899466
      5878.85     0.899548
      5881.31     0.899630
      5883.76     0.899712
      5886.22     0.899794
      5888.67     0.899876
      5891.13     0.899958
      5893.59     0.900040
      5896.04     0.900122
      5898.50     0.900204
      5900.95     0.900286
      5903.41     0.900368
      5905.87     0.900450
      5908.32     0.900532
      5910.78     0.900614
      5913.23     0.900696
      5915.69     0.900778
      5918.15     0.900860
      5920.60     0.900942
      5923.06     0.901024
      5925.52     0.901106
      5927.97     0.901188
      5930.43     0.901270
      5932.88     0.901352
      5935.34     0.901434
      5937.80     0.901516
      5940.25     0.901598
      5942.71     0.901680
      5945.16     0.901762
      5947.62     0.901844
      5950.08     0.901926
      5952.53     0.902008
      5954.99     0.902090
      5957.44     0.902172
      5959.90     0.902254
      5962.36     0.902336
      5964.81     0.902418
      5967.27     0.902500
      5969.72     0.902582
      5972.18     0.902664
      5974.64     0.902746
      5977.09     0.902828
      5979.55     0.902910
      5982.00     0.902992
      5984.46     0.903075
      5986.92     0.903157
      5989.37     0.903239
      5991.83     0.903321
      5994.28     0.903403
      5996.74     0.903485
      5999.20     0.903567
      6001.65     0.903649
      6004.11     0.903649
      6006.56     0.903649
      6009.02     0.903649
      6011.48     0.903649
      6013.93     0.903649
      6016.39     0.903649
      6018.85     0.903649
      6021.30     0.903649
      6023.76     0.903649
      6026.21     0.903649
      6028.67     0.903649
      6031.13     0.903649
      6033.58     0.903649
      6036.04     0.903649
      6038.49     0.903649
      6040.95     0.903649
      6043.41     0.903649
      6045.86     0.903649
      6048.32     0.903649
      6050.77     0.903649
      6053.23     0.903649
      6055.69     0.903649
      6058.14     0.903649
      6060.60     0.903649
      6063.05     0.903649
      6065.51     0.903649
      6067.97     0.903649
      6070.42     0.903649
      6072.88     0.903649
      6075.33     0.903649
      6077.79     0.903649
      6080.25     0.903649
      6082.70     0.903649
      6085.16     0.903649
      6087.61     0.903649
      6090.07     0.903649
      6092.53     0.903649
      6094.98     0.903649
      6097.44     0.903649
      6099.90     0.903649
      6102.35     0.903649
      6104.81     0.903649
      6107.26     0.903649
      6109.72     0.903649
      6112.18     0.903649
      6114.63     0.903649
      6117.09     0.903649
      6119.54     0.903649
      6122.00     0.903649
      6124.46     0.903649
      6126.91     0.903649
      6129.37     0.903649
      6131.82     0.903649
      6134.28     0.903649
      6136.74     0.903649
      6139.19     0.903649
      6141.65     0.903649
      6144.10     0.903649
      6146.56     0.903649
      6149.02     0.903649
      6151.47     0.903649
      6153.93     0.903649
      6156.38     0.903649
      6158.84     0.903649
      6161.30     0.903649
      6163.75     0.903649
      6166.21     0.903649
      6168.66     0.903649
      6171.12     0.903649
      6173.58     0.903649
      6176.03     0.903649
      6178.49     0.903649
      6180.94     0.903649
      6183.40     0.903649
      6185.86     0.903649
      6188.31     0.903649
      6190.77     0.903649
      6193.23     0.903649
      6195.68     0.903649
      6198.14     0.903649
      6200.59     0.903649
      6203.05     0.903649
      6205.51     0.903649
      6207.96     0.903649
      6210.42     0.903649
      6212.87     0.903649
      6215.33     0.903649
      6217.79     0.903649
      6220.24     0.903649
      6222.70     0.903649
      6225.15     0.903649
      6227.61     0.903649
      6230.07     0.903649
      6232.52     0.903649
      6234.98     0.903649
      6237.43     0.903649
      6239.89     0.903649
      6242.35     0.903649
      6244.80     0.903649
      6247.26     0.903649
      6249.71     0.903649
      6252.17     0.903649
      6254.63     0.903649
      6257.08     0.903649
      6259.54     0.903649
      6261.99     0.903649
      6264.45     0.903649
      6266.91     0.903649
      6269.36     0.903649
      6271.82     0.903649
      6274.27     0.903649
      6276.73     0.903649
      6279.19     0.903649
      6281.64     0.903649
      6284.10     0.903649
      6286.56     0.903649
      6289.01     0.903649
      6291.47     0.903649
      6293.92     0.903649
      6296.38     0.903649
      6298.84     0.903649
      6301.29     0.903649
      6303.75     0.903649
      6306.20     0.903649
      6308.66     0.903649
      6311.12     0.903649
      6313.57     0.903649
      6316.03     0.903649
      6318.48     0.903649
      6320.94     0.903649
      6323.40     0.903649
      6325.85     0.903649
      6328.31     0.903649
      6330.76     0.903649
      6333.22     0.903649
      6335.68     0.903649
      6338.13     0.903649
      6340.59     0.903649
      6343.04     0.903649
      6345.50     0.903649
      6347.96     0.903649
      6350.41     0.903649
      6352.87     0.903649
      6355.32     0.903649
      6357.78     0.903649
      6360.24     0.903649
      6362.69     0.903649
      6365.15     0.903649
      6367.60     0.903649
      6370.06     0.903649
      6372.52     0.903649
      6374.97     0.903649
      6377.43     0.903649
      6379.89     0.903649
      6382.34     0.903649
      6384.80     0.903649
      6387.25     0.903649
      6389.71     0.903649
      6392.17     0.903649
      6394.62     0.903649
      6397.08     0.903649
      6399.53     0.903649
      6401.99     0.903649
      6404.45     0.903649
      6406.90     0.903649
      6409.36     0.903649
      6411.81     0.903649
      6414.27     0.903649
      6416.73     0.903649
      6419.18     0.903649
      6421.64     0.903649
      6424.09     0.903649
      6426.55     0.903649
      6429.01     0.903649
      6431.46     0.903649
      6433.92     0.903649
      6436.37     0.903649
      6438.83     0.903649
      6441.29     0.903649
      6443.74     0.903649
      6446.20     0.903649
      6448.65     0.903649
      6451.11     0.903649
      6453.57     0.903649
      6456.02     0.903649
      6458.48     0.903649
      6460.94     0.903649
      6463.39     0.903649
      6465.85     0.903649
      6468.30     0.903649
      6470.76     0.903649
      6473.22     0.903649
      6475.67     0.903649
      6478.13     0.903649
      6480.58     0.903649
      6483.04     0.903649
      6485.50     0.903649
      6487.95     0.903649
      6490.41     0.903649
      6492.86     0.903649
      6495.32     0.903649
      6497.78     0.903649
      6500.23     0.903649
      6502.69     0.903649
      6505.14     0.903690
      6507.60     0.903731
      6510.06     0.903772
      6512.51     0.903813
      6514.97     0.903855
      6517.42     0.903896
      6519.88     0.903937
      6522.34     0.903978
      6524.79     0.904019
      6527.25     0.904060
      6529.70     0.904102
      6532.16     0.904143
      6534.62     0.904184
      6537.07     0.904225
      6539.53     0.904266
      6541.98     0.904308
      6544.44     0.904349
      6546.90     0.904390
      6549.35     0.904431
      6551.81     0.904472
      6554.27     0.904514
      6556.72     0.904555
      6559.18     0.904596
      6561.63     0.904637
      6564.09     0.904678
      6566.55     0.904719
      6569.00     0.904761
      6571.46     0.904802
      6573.91     0.904843
      6576.37     0.904884
      6578.83     0.904925
      6581.28     0.904967
      6583.74     0.905008
      6586.19     0.905049
      6588.65     0.905090
      6591.11     0.905131
      6593.56     0.905173
      6596.02     0.905214
      6598.47     0.905255
      6600.93     0.905296
      6603.39     0.905337
      6605.84     0.905378
      6608.30     0.905420
      6610.75     0.905461
      6613.21     0.905502
      6615.67     0.905543
      6618.12     0.905584
      6620.58     0.905626
      6623.03     0.905667
      6625.49     0.905708
      6627.95     0.905749
      6630.40     0.905790
      6632.86     0.905832
      6635.31     0.905873
      6637.77     0.905914
      6640.23     0.905955
      6642.68     0.905996
      6645.14     0.906037
      6647.60     0.906079
      6650.05     0.906120
      6652.51     0.906161
      6654.96     0.906202
      6657.42     0.906243
      6659.88     0.906285
      6662.33     0.906326
      6664.79     0.906367
      6667.24     0.906408
      6669.70     0.906449
      6672.16     0.906491
      6674.61     0.906532
      6677.07     0.906573
      6679.52     0.906614
      6681.98     0.906655
      6684.44     0.906696
      6686.89     0.906738
      6689.35     0.906779
      6691.80     0.906820
      6694.26     0.906861
      6696.72     0.906902
      6699.17     0.906944
      6701.63     0.906985
      6704.08     0.907026
      6706.54     0.907067
      6709.00     0.907108
      6711.45     0.907149
      6713.91     0.907191
      6716.36     0.907232
      6718.82     0.907273
      6721.28     0.907314
      6723.73     0.907355
      6726.19     0.907397
      6728.65     0.907438
      6731.10     0.907479
      6733.56     0.907520
      6736.01     0.907561
      6738.47     0.907603
      6740.93     0.907644
      6743.38     0.907685
      6745.84     0.907726
      6748.29     0.907767
      6750.75     0.907808
      6753.21     0.907850
      6755.66     0.907891
      6758.12     0.907932
      6760.57     0.907973
      6763.03     0.908014
      6765.49     0.908056
      6767.94     0.908097
      6770.40     0.908138
      6772.85     0.908179
      6775.31     0.908220
      6777.77     0.908262
      6780.22     0.908303
      6782.68     0.908344
      6785.13     0.908385
      6787.59     0.908426
      6790.05     0.908467
      6792.50     0.908509
      6794.96     0.908550
      6797.41     0.908591
      6799.87     0.908632
      6802.33     0.908673
      6804.78     0.908715
      6807.24     0.908756
      6809.69     0.908797
      6812.15     0.908838
      6814.61     0.908879
      6817.06     0.908921
      6819.52     0.908962
      6821.98     0.909003
      6824.43     0.909044
      6826.89     0.909085
      6829.34     0.909126
      6831.80     0.909168
      6834.26     0.909209
      6836.71     0.909250
      6839.17     0.909291
      6841.62     0.909332
      6844.08     0.909374
      6846.54     0.909415
      6848.99     0.909456
      6851.45     0.909497
      6853.90     0.909538
      6856.36     0.909580
      6858.82     0.909621
      6861.27     0.909662
      6863.73     0.909703
      6866.18     0.909744
      6868.64     0.909785
      6871.10     0.909827
      6873.55     0.909868
      6876.01     0.909909
      6878.46     0.909950
      6880.92     0.909991
      6883.38     0.910033
      6885.83     0.910074
      6888.29     0.910115
      6890.74     0.910156
      6893.20     0.910197
      6895.66     0.910239
      6898.11     0.910280
      6900.57     0.910321
      6903.02     0.910362
      6905.48     0.910403
      6907.94     0.910444
      6910.39     0.910486
      6912.85     0.910527
      6915.31     0.910568
      6917.76     0.910609
      6920.22     0.910650
      6922.67     0.910692
      6925.13     0.910733
      6927.59     0.910774
      6930.04     0.910815
      6932.50     0.910856
      6934.95     0.910897
      6937.41     0.910939
      6939.87     0.910980
      6942.32     0.911021
      6944.78     0.911062
      6947.23     0.911103
      6949.69     0.911145
      6952.15     0.911186
      6954.60     0.911227
      6957.06     0.911268
      6959.51     0.911309
      6961.97     0.911351
      6964.43     0.911392
      6966.88     0.911433
      6969.34     0.911474
      6971.79     0.911515
      6974.25     0.911556
      6976.71     0.911598
      6979.16     0.911639
      6981.62     0.911680
      6984.07     0.911721
      6986.53     0.911762
      6988.99     0.911804
      6991.44     0.911845
      6993.90     0.911886
      6996.35     0.911927
      6998.81     0.911968
      7001.27     0.912010
      7003.72     0.912072
      7006.18     0.912135
      7008.64     0.912198
      7011.09     0.912261
      7013.55     0.912323
      7016.00     0.912386
      7018.46     0.912449
      7020.92     0.912512
      7023.37     0.912574
      7025.83     0.912637
      7028.28     0.912700
      7030.74     0.912763
      7033.20     0.912825
      7035.65     0.912888
      7038.11     0.912951
      7040.56     0.913014
      7043.02     0.913077
      7045.48     0.913139
      7047.93     0.913202
      7050.39     0.913265
      7052.84     0.913328
      7055.30     0.913390
      7057.76     0.913453
      7060.21     0.913516
      7062.67     0.913579
      7065.12     0.913641
      7067.58     0.913704
      7070.04     0.913767
      7072.49     0.913830
      7074.95     0.913892
      7077.40     0.913955
      7079.86     0.914018
      7082.32     0.914081
      7084.77     0.914144
      7087.23     0.914206
      7089.69     0.914269
      7092.14     0.914332
      7094.60     0.914395
      7097.05     0.914457
      7099.51     0.914520
      7101.97     0.914583
      7104.42     0.914646
      7106.88     0.914708
      7109.33     0.914771
      7111.79     0.914834
      7114.25     0.914897
      7116.70     0.914959
      7119.16     0.915022
      7121.61     0.915085
      7124.07     0.915148
      7126.53     0.915210
      7128.98     0.915273
      7131.44     0.915336
      7133.89     0.915399
      7136.35     0.915462
      7138.81     0.915524
      7141.26     0.915587
      7143.72     0.915650
      7146.17     0.915713
      7148.63     0.915775
      7151.09     0.915838
      7153.54     0.915901
      7156.00     0.915964
      7158.45     0.916026
      7160.91     0.916089
      7163.37     0.916152
      7165.82     0.916215
      7168.28     0.916277
      7170.73     0.916340
      7173.19     0.916403
      7175.65     0.916466
      7178.10     0.916529
      7180.56     0.916591
      7183.02     0.916654
      7185.47     0.916717
      7187.93     0.916780
      7190.38     0.916842
      7192.84     0.916905
      7195.30     0.916968
      7197.75     0.917031
      7200.21     0.917093
      7202.66     0.917156
      7205.12     0.917219
      7207.58     0.917282
      7210.03     0.917344
      7212.49     0.917407
      7214.94     0.917470
      7217.40     0.917533
      7219.86     0.917596
      7222.31     0.917658
      7224.77     0.917721
      7227.22     0.917784
      7229.68     0.917847
      7232.14     0.917909
      7234.59     0.917972
      7237.05     0.918035
      7239.50     0.918098
      7241.96     0.918160
      7244.42     0.918223
      7246.87     0.918286
      7249.33     0.918349
      7251.78     0.918411
      7254.24     0.918474
      7256.70     0.918537
      7259.15     0.918600
      7261.61     0.918662
      7264.06     0.918725
      7266.52     0.918788
      7268.98     0.918851
      7271.43     0.918914
      7273.89     0.918976
      7276.35     0.919039
      7278.80     0.919102
      7281.26     0.919165
      7283.71     0.919227
      7286.17     0.919290
      7288.63     0.919353
      7291.08     0.919416
      7293.54     0.919478
      7295.99     0.919541
      7298.45     0.919604
      7300.91     0.919667
      7303.36     0.919729
      7305.82     0.919792
      7308.27     0.919855
      7310.73     0.919918
      7313.19     0.919981
      7315.64     0.920043
      7318.10     0.920106
      7320.55     0.920169
      7323.01     0.920232
      7325.47     0.920294
      7327.92     0.920357
      7330.38     0.920420
      7332.83     0.920483
      7335.29     0.920545
      7337.75     0.920608
      7340.20     0.920671
      7342.66     0.920734
      7345.11     0.920796
      7347.57     0.920859
      7350.03     0.920922
      7352.48     0.920985
      7354.94     0.921048
      7357.40     0.921110
      7359.85     0.921173
      7362.31     0.921236
      7364.76     0.921299
      7367.22     0.921361
      7369.68     0.921424
      7372.13     0.921487
      7374.59     0.921550
      7377.04     0.921612
      7379.50     0.921675
      7381.96     0.921738
      7384.41     0.921801
      7386.87     0.921863
      7389.32     0.921926
      7391.78     0.921989
      7394.24     0.922052
      7396.69     0.922114
      7399.15     0.922177
      7401.60     0.922240
      7404.06     0.922303
      7406.52     0.922366
      7408.97     0.922428
      7411.43     0.922491
      7413.88     0.922554
      7416.34     0.922617
      7418.80     0.922679
      7421.25     0.922742
      7423.71     0.922805
      7426.16     0.922868
      7428.62     0.922930
      7431.08     0.922993
      7433.53     0.923056
      7435.99     0.923119
      7438.44     0.923181
      7440.90     0.923244
      7443.36     0.923307
      7445.81     0.923370
      7448.27     0.923433
      7450.73     0.923495
      7453.18     0.923558
      7455.64     0.923621
      7458.09     0.923684
      7460.55     0.923746
      7463.01     0.923809
      7465.46     0.923872
      7467.92     0.923935
      7470.37     0.923997
      7472.83     0.924060
      7475.29     0.924123
      7477.74     0.924186
      7480.20     0.924248
      7482.65     0.924311
      7485.11     0.924374
      7487.57     0.924437
      7490.02     0.924500
      7492.48     0.924562
      7494.93     0.924625
      7497.39     0.924688
      7499.85     0.924751
      7502.30     0.924813
      7504.76     0.924876
      7507.21     0.924939
      7509.67     0.925002
      7512.13     0.925064
      7514.58     0.925127
      7517.04     0.925190
      7519.49     0.925253
      7521.95     0.925315
      7524.41     0.925378
      7526.86     0.925441
      7529.32     0.925504
      7531.77     0.925566
      7534.23     0.925629
      7536.69     0.925692
      7539.14     0.925755
      7541.60     0.925818
      7544.06     0.925880
      7546.51     0.925943
      7548.97     0.926006
      7551.42     0.926069
      7553.88     0.926131
      7556.34     0.926194
      7558.79     0.926257
      7561.25     0.926320
      7563.70     0.926382
      7566.16     0.926445
      7568.62     0.926508
      7571.07     0.926571
      7573.53     0.926633
      7575.98     0.926696
      7578.44     0.926759
      7580.90     0.926822
      7583.35     0.926885
      7585.81     0.926947
      7588.26     0.927010
      7590.72     0.927073
      7593.18     0.927136
      7595.63     0.927198
      7598.09     0.927261
      7600.54     0.927324
      7603.00     0.927387
      7605.46     0.927449
      7607.91     0.927512
      7610.37     0.927575
      7612.82     0.927638
      7615.28     0.927700
      7617.74     0.927763
      7620.19     0.927826
      7622.65     0.927889
      7625.10     0.927952
      7627.56     0.928014
      7630.02     0.928077
      7632.47     0.928140
      7634.93     0.928203
      7637.39     0.928265
      7639.84     0.928328
      7642.30     0.928391
      7644.75     0.928454
      7647.21     0.928516
      7649.67     0.928579
      7652.12     0.928642
      7654.58     0.928705
      7657.03     0.928767
      7659.49     0.928830
      7661.95     0.928893
      7664.40     0.928956
      7666.86     0.929018
      7669.31     0.929081
      7671.77     0.929144
      7674.23     0.929207
      7676.68     0.929270
      7679.14     0.929332
      7681.59     0.929395
      7684.05     0.929458
      7686.51     0.929521
      7688.96     0.929583
      7691.42     0.929646
      7693.87     0.929709
      7696.33     0.929772
      7698.79     0.929834
      7701.24     0.929897
      7703.70     0.929960
      7706.15     0.930023
      7708.61     0.930085
      7711.07     0.930148
      7713.52     0.930211
      7715.98     0.930274
      7718.44     0.930337
      7720.89     0.930399
      7723.35     0.930462
      7725.80     0.930525
      7728.26     0.930588
      7730.72     0.930650
      7733.17     0.930713
      7735.63     0.930776
      7738.08     0.930839
      7740.54     0.930901
      7743.00     0.930964
      7745.45     0.931027
      7747.91     0.931090
      7750.36     0.931152
      7752.82     0.931215
      7755.28     0.931278
      7757.73     0.931341
      7760.19     0.931404
      7762.64     0.931466
      7765.10     0.931529
      7767.56     0.931592
      7770.01     0.931655
      7772.47     0.931717
      7774.92     0.931780
      7777.38     0.931843
      7779.84     0.931906
      7782.29     0.931968
      7784.75     0.932031
      7787.20     0.932094
      7789.66     0.932157
      7792.12     0.932219
      7794.57     0.932282
      7797.03     0.932345
      7799.48     0.932408
      7801.94     0.932471
      7804.40     0.932533
      7806.85     0.932596
      7809.31     0.932659
      7811.77     0.932722
      7814.22     0.932784
      7816.68     0.932847
      7819.13     0.932910
      7821.59     0.932973
      7824.05     0.933035
      7826.50     0.933098
      7828.96     0.933161
      7831.41     0.933224
      7833.87     0.933286
      7836.33     0.933349
      7838.78     0.933412
      7841.24     0.933475
      7843.69     0.933537
      7846.15     0.933600
      7848.61     0.933663
      7851.06     0.933726
      7853.52     0.933789
      7855.97     0.933851
      7858.43     0.933914
      7860.89     0.933977
      7863.34     0.934040
      7865.80     0.934102
      7868.25     0.934165
      7870.71     0.934228
      7873.17     0.934291
      7875.62     0.934353
      7878.08     0.934416
      7880.53     0.934479
      7882.99     0.934542
      7885.45     0.934604
      7887.90     0.934667
      7890.36     0.934730
      7892.81     0.934793
      7895.27     0.934856
      7897.73     0.934918
      7900.18     0.934981
      7902.64     0.935044
      7905.10     0.935107
      7907.55     0.935169
      7910.01     0.935232
      7912.46     0.935295
      7914.92     0.935358
      7917.38     0.935420
      7919.83     0.935483
      7922.29     0.935546
      7924.74     0.935609
      7927.20     0.935671
      7929.66     0.935734
      7932.11     0.935797
      7934.57     0.935860
      7937.02     0.935923
      7939.48     0.935985
      7941.94     0.936048
      7944.39     0.936111
      7946.85     0.936174
      7949.30     0.936236
      7951.76     0.936299
      7954.22     0.936362
      7956.67     0.936425
      7959.13     0.936487
      7961.58     0.936550
      7964.04     0.936613
      7966.50     0.936676
      7968.95     0.936738
      7971.41     0.936801
      7973.86     0.936864
      7976.32     0.936927
      7978.78     0.936989
      7981.23     0.937052
      7983.69     0.937115
      7986.15     0.937178
      7988.60     0.937241
      7991.06     0.937303
      7993.51     0.937366
      7995.97     0.937429
      7998.43     0.937492
      8000.88     0.937554
      8003.34     0.937597
      8005.79     0.937640
      8008.25     0.937683
      8010.71     0.937726
      8013.16     0.937769
      8015.62     0.937811
      8018.07     0.937854
      8020.53     0.937897
      8022.99     0.937940
      8025.44     0.937983
      8027.90     0.938026
      8030.35     0.938069
      8032.81     0.938111
      8035.27     0.938154
      8037.72     0.938197
      8040.18     0.938240
      8042.63     0.938283
      8045.09     0.938326
      8047.55     0.938369
      8050.00     0.938411
      8052.46     0.938454
      8054.91     0.938497
      8057.37     0.938540
      8059.83     0.938583
      8062.28     0.938626
      8064.74     0.938669
      8067.19     0.938711
      8069.65     0.938754
      8072.11     0.938797
      8074.56     0.938840
      8077.02     0.938883
      8079.48     0.938926
      8081.93     0.938969
      8084.39     0.939011
      8086.84     0.939054
      8089.30     0.939097
      8091.76     0.939140
      8094.21     0.939183
      8096.67     0.939226
      8099.12     0.939269
      8101.58     0.939311
      8104.04     0.939354
      8106.49     0.939397
      8108.95     0.939440
      8111.40     0.939483
      8113.86     0.939526
      8116.32     0.939569
      8118.77     0.939611
      8121.23     0.939654
      8123.68     0.939697
      8126.14     0.939740
      8128.60     0.939783
      8131.05     0.939826
      8133.51     0.939869
      8135.96     0.939911
      8138.42     0.939954
      8140.88     0.939997
      8143.33     0.940040
      8145.79     0.940083
      8148.24     0.940126
      8150.70     0.940169
      8153.16     0.940211
      8155.61     0.940254
      8158.07     0.940297
      8160.52     0.940340
      8162.98     0.940383
      8165.44     0.940426
      8167.89     0.940469
      8170.35     0.940511
      8172.81     0.940554
      8175.26     0.940597
      8177.72     0.940640
      8180.17     0.940683
      8182.63     0.940726
      8185.09     0.940769
      8187.54     0.940811
      8190.00     0.940854
      8192.45     0.940897
      8194.91     0.940940
      8197.37     0.940983
      8199.82     0.941026
      8202.28     0.941069
      8204.73     0.941111
      8207.19     0.941154
      8209.65     0.941197
      8212.10     0.941240
      8214.56     0.941283
      8217.01     0.941326
      8219.47     0.941369
      8221.93     0.941411
      8224.38     0.941454
      8226.84     0.941497
      8229.29     0.941540
      8231.75     0.941583
      8234.21     0.941626
      8236.66     0.941669
      8239.12     0.941711
      8241.57     0.941754
      8244.03     0.941797
      8246.49     0.941840
      8248.94     0.941883
      8251.40     0.941926
      8253.85     0.941969
      8256.31     0.942011
      8258.77     0.942054
      8261.22     0.942097
      8263.68     0.942140
      8266.13     0.942183
      8268.59     0.942226
      8271.05     0.942268
      8273.50     0.942311
      8275.96     0.942354
      8278.42     0.942397
      8280.87     0.942440
      8283.33     0.942483
      8285.78     0.942526
      8288.24     0.942568
      8290.70     0.942611
      8293.15     0.942654
      8295.61     0.942697
      8298.06     0.942740
      8300.52     0.942783
      8302.98     0.942826
      8305.43     0.942868
      8307.89     0.942911
      8310.34     0.942954
      8312.80     0.942997
      8315.26     0.943040
      8317.71     0.943083
      8320.17     0.943126
      8322.62     0.943168
      8325.08     0.943211
      8327.54     0.943254
      8329.99     0.943297
      8332.45     0.943340
      8334.90     0.943383
      8337.36     0.943426
      8339.82     0.943468
      8342.27     0.943511
      8344.73     0.943554
      8347.18     0.943597
      8349.64     0.943640
      8352.10     0.943683
      8354.55     0.943726
      8357.01     0.943768
      8359.46     0.943811
      8361.92     0.943854
      8364.38     0.943897
      8366.83     0.943940
      8369.29     0.943983
      8371.75     0.944026
      8374.20     0.944068
      8376.66     0.944111
      8379.11     0.944154
      8381.57     0.944197
      8384.03     0.944240
      8386.48     0.944283
      8388.94     0.944326
      8391.39     0.944368
      8393.85     0.944411
      8396.31     0.944454
      8398.76     0.944497
      8401.22     0.944540
      8403.67     0.944583
      8406.13     0.944626
      8408.59     0.944668
      8411.04     0.944711
      8413.50     0.944754
      8415.95     0.944797
      8418.41     0.944840
      8420.87     0.944883
      8423.32     0.944926
      8425.78     0.944968
      8428.23     0.945011
      8430.69     0.945054
      8433.15     0.945097
      8435.60     0.945140
      8438.06     0.945183
      8440.51     0.945226
      8442.97     0.945268
      8445.43     0.945311
      8447.88     0.945354
      8450.34     0.945397
      8452.79     0.945440
      8455.25     0.945483
      8457.71     0.945526
      8460.16     0.945568
      8462.62     0.945611
      8465.08     0.945654
      8467.53     0.945697
      8469.99     0.945740
      8472.44     0.945783
      8474.90     0.945826
      8477.36     0.945868
      8479.81     0.945911
      8482.27     0.945954
      8484.72     0.945997
      8487.18     0.946040
      8489.64     0.946083
      8492.09     0.946126
      8494.55     0.946168
      8497.00     0.946211
      8499.46     0.946254
      8501.92     0.946297
      8504.37     0.946340
      8506.83     0.946383
      8509.28     0.946425
      8511.74     0.946468
      8514.20     0.946511
      8516.65     0.946554
      8519.11     0.946597
      8521.56     0.946640
      8524.02     0.946683
      8526.48     0.946725
      8528.93     0.946768
      8531.39     0.946811
      8533.84     0.946854
      8536.30     0.946897
      8538.76     0.946940
      8541.21     0.946983
      8543.67     0.947025
      8546.12     0.947068
      8548.58     0.947111
      8551.04     0.947154
      8553.49     0.947197
      8555.95     0.947240
      8558.41     0.947283
      8560.86     0.947325
      8563.32     0.947368
      8565.77     0.947411
      8568.23     0.947454
      8570.69     0.947497
      8573.14     0.947540
      8575.60     0.947583
      8578.05     0.947625
      8580.51     0.947668
      8582.97     0.947711
      8585.42     0.947754
      8587.88     0.947797
      8590.33     0.947840
      8592.79     0.947883
      8595.25     0.947925
      8597.70     0.947968
      8600.16     0.948011
      8602.61     0.948054
      8605.07     0.948097
      8607.53     0.948140
      8609.98     0.948183
      8612.44     0.948225
      8614.89     0.948268
      8617.35     0.948311
      8619.81     0.948354
      8622.26     0.948397
      8624.72     0.948440
      8627.17     0.948483
      8629.63     0.948525
      8632.09     0.948568
      8634.54     0.948611
      8637.00     0.948654
      8639.46     0.948697
      8641.91     0.948740
      8644.37     0.948783
      8646.82     0.948825
      8649.28     0.948868
      8651.74     0.948911
      8654.19     0.948954
      8656.65     0.948997
      8659.10     0.949040
      8661.56     0.949083
      8664.02     0.949125
      8666.47     0.949168
      8668.93     0.949211
      8671.38     0.949254
      8673.84     0.949297
      8676.30     0.949340
      8678.75     0.949383
      8681.21     0.949425
      8683.66     0.949468
      8686.12     0.949511
      8688.58     0.949554
      8691.03     0.949597
      8693.49     0.949640
      8695.94     0.949683
      8698.40     0.949725
      8700.86     0.949768
      8703.31     0.949811
      8705.77     0.949854
      8708.22     0.949897
      8710.68     0.949940
      8713.14     0.949983
      8715.59     0.950025
      8718.05     0.950068
      8720.50     0.950111
      8722.96     0.950154
      8725.42     0.950197
      8727.87     0.950240
      8730.33     0.950283
      8732.79     0.950325
      8735.24     0.950368
      8737.70     0.950411
      8740.15     0.950454
      8742.61     0.950497
      8745.07     0.950540
      8747.52     0.950583
      8749.98     0.950625
      8752.43     0.950668
      8754.89     0.950711
      8757.35     0.950754
      8759.80     0.950797
      8762.26     0.950840
      8764.71     0.950882
      8767.17     0.950925
      8769.63     0.950968
      8772.08     0.951011
      8774.54     0.951054
      8776.99     0.951097
      8779.45     0.951140
      8781.91     0.951182
      8784.36     0.951225
      8786.82     0.951268
      8789.27     0.951311
      8791.73     0.951354
      8794.19     0.951397
      8796.64     0.951440
      8799.10     0.951482
      8801.55     0.951525
      8804.01     0.951568
      8806.47     0.951611
      8808.92     0.951654
      8811.38     0.951697
      8813.83     0.951740
      8816.29     0.951782
      8818.75     0.951825
      8821.20     0.951868
      8823.66     0.951911
      8826.12     0.951954
      8828.57     0.951997
      8831.03     0.952040
      8833.48     0.952082
      8835.94     0.952125
      8838.40     0.952168
      8840.85     0.952211
      8843.31     0.952254
      8845.76     0.952297
      8848.22     0.952340
      8850.68     0.952382
      8853.13     0.952425
      8855.59     0.952468
      8858.04     0.952511
      8860.50     0.952554
      8862.96     0.952597
      8865.41     0.952640
      8867.87     0.952682
      8870.32     0.952725
      8872.78     0.952768
      8875.24     0.952811
      8877.69     0.952854
      8880.15     0.952897
      8882.60     0.952940
      8885.06     0.952982
      8887.52     0.953025
      8889.97     0.953068
      8892.43     0.953111
      8894.88     0.953154
      8897.34     0.953197
      8899.80     0.953240
      8902.25     0.953282
      8904.71     0.953325
      8907.17     0.953368
      8909.62     0.953411
      8912.08     0.953454
      8914.53     0.953497
      8916.99     0.953540
      8919.45     0.953582
      8921.90     0.953625
      8924.36     0.953668
      8926.81     0.953711
      8929.27     0.953754
      8931.73     0.953797
      8934.18     0.953840
      8936.64     0.953882
      8939.09     0.953925
      8941.55     0.953968
      8944.01     0.954011
      8946.46     0.954054
      8948.92     0.954097
      8951.37     0.954140
      8953.83     0.954182
      8956.29     0.954225
      8958.74     0.954268
      8961.20     0.954311
      8963.65     0.954354
      8966.11     0.954397
      8968.57     0.954440
      8971.02     0.954482
      8973.48     0.954525
      8975.93     0.954568
      8978.39     0.954611
      8980.85     0.954654
      8983.30     0.954697
      8985.76     0.954740
      8988.21     0.954782
      8990.67     0.954825
      8993.13     0.954868
      8995.58     0.954911
      8998.04     0.954954
      9000.50     0.954997
      9002.95     0.955018
      9005.41     0.955040
      9007.86     0.955062
      9010.32     0.955084
      9012.78     0.955105
      9015.23     0.955127
      9017.69     0.955149
      9020.14     0.955171
      9022.60     0.955192
      9025.06     0.955214
      9027.51     0.955236
      9029.97     0.955258
      9032.42     0.955279
      9034.88     0.955301
      9037.34     0.955323
      9039.79     0.955345
      9042.25     0.955366
      9044.70     0.955388
      9047.16     0.955410
      9049.62     0.955432
      9052.07     0.955454
      9054.53     0.955475
      9056.98     0.955497
      9059.44     0.955519
      9061.90     0.955541
      9064.35     0.955562
      9066.81     0.955584
      9069.26     0.955606
      9071.72     0.955628
      9074.18     0.955649
      9076.63     0.955671
      9079.09     0.955693
      9081.54     0.955715
      9084.00     0.955736
      9086.46     0.955758
      9088.91     0.955780
      9091.37     0.955802
      9093.83     0.955823
      9096.28     0.955845
      9098.74     0.955867
      9101.19     0.955889
      9103.65     0.955910
      9106.11     0.955932
      9108.56     0.955954
      9111.02     0.955976
      9113.47     0.955997
      9115.93     0.956019
      9118.39     0.956041
      9120.84     0.956063
      9123.30     0.956084
      9125.75     0.956106
      9128.21     0.956128
      9130.67     0.956150
      9133.12     0.956171
      9135.58     0.956193
      9138.03     0.956215
      9140.49     0.956237
      9142.95     0.956258
      9145.40     0.956280
      9147.86     0.956302
      9150.31     0.956324
      9152.77     0.956345
      9155.23     0.956367
      9157.68     0.956389
      9160.14     0.956411
      9162.59     0.956433
      9165.05     0.956454
      9167.51     0.956476
      9169.96     0.956498
      9172.42     0.956520
      9174.88     0.956541
      9177.33     0.956563
      9179.79     0.956585
      9182.24     0.956607
      9184.70     0.956628
      9187.16     0.956650
      9189.61     0.956672
      9192.07     0.956694
      9194.52     0.956715
      9196.98     0.956737
      9199.44     0.956759
      9201.89     0.956781
      9204.35     0.956802
      9206.80     0.956824
      9209.26     0.956846
      9211.72     0.956868
      9214.17     0.956889
      9216.63     0.956911
      9219.08     0.956933
      9221.54     0.956955
      9224.00     0.956976
      9226.45     0.956998
      9228.91     0.957020
      9231.36     0.957042
      9233.82     0.957063
      9236.28     0.957085
      9238.73     0.957107
      9241.19     0.957129
      9243.64     0.957150
      9246.10     0.957172
      9248.56     0.957194
      9251.01     0.957216
      9253.47     0.957237
      9255.92     0.957259
      9258.38     0.957281
      9260.84     0.957303
      9263.29     0.957325
      9265.75     0.957346
      9268.21     0.957368
      9270.66     0.957390
      9273.12     0.957412
      9275.57     0.957433
      9278.03     0.957455
      9280.49     0.957477
      9282.94     0.957499
      9285.40     0.957520
      9287.85     0.957542
      9290.31     0.957564
      9292.77     0.957586
      9295.22     0.957607
      9297.68     0.957629
      9300.13     0.957651
      9302.59     0.957673
      9305.05     0.957694
      9307.50     0.957716
      9309.96     0.957738
      9312.41     0.957760
      9314.87     0.957781
      9317.33     0.957803
      9319.78     0.957825
      9322.24     0.957847
      9324.69     0.957868
      9327.15     0.957890
      9329.61     0.957912
      9332.06     0.957934
      9334.52     0.957955
      9336.97     0.957977
      9339.43     0.957999
      9341.89     0.958021
      9344.34     0.958042
      9346.80     0.958064
      9349.25     0.958086
      9351.71     0.958108
      9354.17     0.958129
      9356.62     0.958151
      9359.08     0.958173
      9361.54     0.958195
      9363.99     0.958216
      9366.45     0.958238
      9368.90     0.958260
      9371.36     0.958282
      9373.82     0.958304
      9376.27     0.958325
      9378.73     0.958347
      9381.18     0.958369
      9383.64     0.958391
      9386.10     0.958412
      9388.55     0.958434
      9391.01     0.958456
      9393.46     0.958478
      9395.92     0.958499
      9398.38     0.958521
      9400.83     0.958543
      9403.29     0.958565
      9405.74     0.958586
      9408.20     0.958608
      9410.66     0.958630
      9413.11     0.958652
      9415.57     0.958673
      9418.02     0.958695
      9420.48     0.958717
      9422.94     0.958739
      9425.39     0.958760
      9427.85     0.958782
      9430.30     0.958804
      9432.76     0.958826
      9435.22     0.958847
      9437.67     0.958869
      9440.13     0.958891
      9442.58     0.958913
      9445.04     0.958934
      9447.50     0.958956
      9449.95     0.958978
      9452.41     0.959000
      9454.87     0.959021
      9457.32     0.959043
      9459.78     0.959065
      9462.23     0.959087
      9464.69     0.959108
      9467.15     0.959130
      9469.60     0.959152
      9472.06     0.959174
      9474.51     0.959195
      9476.97     0.959217
      9479.43     0.959239
      9481.88     0.959261
      9484.34     0.959283
      9486.79     0.959304
      9489.25     0.959326
      9491.71     0.959348
      9494.16     0.959370
      9496.62     0.959391
      9499.07     0.959413
      9501.53     0.959435
      9503.99     0.959457
      9506.44     0.959478
      9508.90     0.959500
      9511.35     0.959522
      9513.81     0.959544
      9516.27     0.959565
      9518.72     0.959587
      9521.18     0.959609
      9523.63     0.959631
      9526.09     0.959652
      9528.55     0.959674
      9531.00     0.959696
      9533.46     0.959718
      9535.92     0.959739
      9538.37     0.959761
      9540.83     0.959783
      9543.28     0.959805
      9545.74     0.959826
      9548.20     0.959848
      9550.65     0.959870
      9553.11     0.959892
      9555.56     0.959913
      9558.02     0.959935
      9560.48     0.959957
      9562.93     0.959979
      9565.39     0.960000
      9567.84     0.960022
      9570.30     0.960044
      9572.76     0.960066
      9575.21     0.960087
      9577.67     0.960109
      9580.12     0.960131
      9582.58     0.960153
      9585.04     0.960175
      9587.49     0.960196
      9589.95     0.960218
      9592.40     0.960240
      9594.86     0.960262
      9597.32     0.960283
      9599.77     0.960305
      9602.23     0.960327
      9604.68     0.960349
      9607.14     0.960370
      9609.60     0.960392
      9612.05     0.960414
      9614.51     0.960436
      9616.96     0.960457
      9619.42     0.960479
      9621.88     0.960501
      9624.33     0.960523
      9626.79     0.960544
      9629.25     0.960566
      9631.70     0.960588
      9634.16     0.960610
      9636.61     0.960631
      9639.07     0.960653
      9641.53     0.960675
      9643.98     0.960697
      9646.44     0.960718
      9648.89     0.960740
      9651.35     0.960762
      9653.81     0.960784
      9656.26     0.960805
      9658.72     0.960827
      9661.17     0.960849
      9663.63     0.960871
      9666.09     0.960892
      9668.54     0.960914
      9671.00     0.960936
      9673.45     0.960958
      9675.91     0.960979
      9678.37     0.961001
      9680.82     0.961023
      9683.28     0.961045
      9685.73     0.961066
      9688.19     0.961088
      9690.65     0.961110
      9693.10     0.961132
      9695.56     0.961154
      9698.01     0.961175
      9700.47     0.961197
      9702.93     0.961219
      9705.38     0.961241
      9707.84     0.961262
      9710.29     0.961284
      9712.75     0.961306
      9715.21     0.961328
      9717.66     0.961349
      9720.12     0.961371
      9722.58     0.961393
      9725.03     0.961415
      9727.49     0.961436
      9729.94     0.961458
      9732.40     0.961480
      9734.86     0.961502
      9737.31     0.961523
      9739.77     0.961545
      9742.22     0.961567
      9744.68     0.961589
      9747.14     0.961610
      9749.59     0.961632
      9752.05     0.961654
      9754.50     0.961676
      9756.96     0.961697
      9759.42     0.961719
      9761.87     0.961741
      9764.33     0.961763
      9766.78     0.961784
      9769.24     0.961806
      9771.70     0.961828
      9774.15     0.961850
      9776.61     0.961871
      9779.06     0.961893
      9781.52     0.961915
      9783.98     0.961937
      9786.43     0.961958
      9788.89     0.961980
      9791.34     0.962002
      9793.80     0.962024
      9796.26     0.962045
      9798.71     0.962067
      9801.17     0.962089
      9803.62     0.962111
      9806.08     0.962133
      9808.54     0.962154
      9810.99     0.962176
      9813.45     0.962198
      9815.91     0.962220
      9818.36     0.962241
      9820.82     0.962263
      9823.27     0.962285
      9825.73     0.962307
      9828.19     0.962328
      9830.64     0.962350
      9833.10     0.962372
      9835.55     0.962394
      9838.01     0.962415
      9840.47     0.962437
      9842.92     0.962459
      9845.38     0.962481
      9847.83     0.962502
      9850.29     0.962524
      9852.75     0.962546
      9855.20     0.962568
      9857.66     0.962589
      9860.11     0.962611
      9862.57     0.962633
      9865.03     0.962655
      9867.48     0.962676
      9869.94     0.962698
      9872.39     0.962720
      9874.85     0.962742
      9877.31     0.962763
      9879.76     0.962785
      9882.22     0.962807
      9884.67     0.962829
      9887.13     0.962850
      9889.59     0.962872
      9892.04     0.962894
      9894.50     0.962916
      9896.96     0.962937
      9899.41     0.962959
      9901.87     0.962981
      9904.32     0.963003
      9906.78     0.963024
      9909.24     0.963046
      9911.69     0.963068
      9914.15     0.963090
      9916.60     0.963112
      9919.06     0.963133
      9921.52     0.963155
      9923.97     0.963177
      9926.43     0.963199
      9928.88     0.963220
      9931.34     0.963242
      9933.80     0.963264
      9936.25     0.963286
      9938.71     0.963307
      9941.16     0.963329
      9943.62     0.963351
      9946.08     0.963373
      9948.53     0.963394
      9950.99     0.963416
      9953.44     0.963438
      9955.90     0.963460
      9958.36     0.963481
      9960.81     0.963503
      9963.27     0.963525
      9965.72     0.963547
      9968.18     0.963568
      9970.64     0.963590
      9973.09     0.963612
      9975.55     0.963634
      9978.00     0.963655
      9980.46     0.963677
      9982.92     0.963699
      9985.37     0.963721
      9987.83     0.963742
      9990.29     0.963764
      9992.74     0.963786
      9995.20     0.963808
      9997.65     0.963829