      6220.68     0.903649
      6223.15     0.903649
      6225.61     0.903649
      6228.08     0.903649
      6230.55     0.903649
      6233.02     0.903649
      6235.48     0.903649
      6237.95     0.903649
      6240.42     0.903649
      6242.89     0.903649
      6245.35     0.903649
      6247.82     0.903649
      6250.29     0.903649
      6252.75     0.903649
      6255.22     0.903649
      6257.69     0.903649
      6260.16     0.903649
      6262.62     0.903649
      6265.09     0.903649
      6267.56     0.903649
      6270.03     0.903649
      6272.49     0.903649
      6274.96     0.903649
      6277.43     0.903649
      6279.90     0.903649
      6282.36     0.903649
      6284.83     0.903649
      6287.30     0.903649
      6289.76     0.903649
      6292.23     0.903649
      6294.70     0.903649
      6297.17     0.903649
      6299.63     0.903649
      6302.10     0.903649
      6304.57     0.903649
      6307.04     0.903649
      6309.50     0.903649
      6311.97     0.903649
      6314.44     0.903649
      6316.90     0.903649
      6319.37     0.903649
      6321.84     0.903649
      6324.31     0.903649
      6326.77     0.903649
      6329.24     0.903649
      6331.71     0.903649
      6334.18     0.903649
      6336.64     0.903649
      6339.11     0.903649
      6341.58     0.903649
      6344.04     0.903649
      6346.51     0.903649
      6348.98     0.903649
      6351.45     0.903649
      6353.91     0.903649
      6356.38     0.903649
      6358.85     0.903649
      6361.32     0.903649
      6363.78     0.903649
      6366.25     0.903649
      6368.72     0.903649
      6371.18     0.903649
      6373.65     0.903649
      6376.12     0.903649
      6378.59     0.903649
      6381.05     0.903649
      6383.52     0.903649
      6385.99     0.903649
      6388.46     0.903649
      6390.92     0.903649
      6393.39     0.903649
      6395.86     0.903649
      6398.32     0.903649
      6400.79     0.903649
      6403.26     0.903649
      6405.73     0.903649
      6408.19     0.903649
      6410.66     0.903649
      6413.13     0.903649
      6415.60     0.903649
      6418.06     0.903649
      6420.53     0.903649
      6423.00     0.903649
      6425.46     0.903649
      6427.93     0.903649
      6430.40     0.903649
      6432.87     0.903649
      6435.33     0.903649
      6437.80     0.903649
      6440.27     0.903649
      6442.74     0.903649
      6445.20     0.903649
      6447.67     0.903649
      6450.14     0.903649
      6452.60     0.903649
      6455.07     0.903649
      6457.54     0.903649
      6460.01     0.903649
      6462.47     0.903649
      6464.94     0.903649
      6467.41     0.903649
      6469.88     0.903649
      6472.34     0.903649
      6474.81     0.903649
      6477.28     0.903649
      6479.75     0.903649
      6482.21     0.903649
      6484.68     0.903649
      6487.15     0.903649
      6489.61     0.903649
      6492.08     0.903649
      6494.55     0.903649
      6497.02     0.903649
      6499.48     0.903649
      6501.95     0.903649
      6504.42     0.903690
      6506.89     0.903731
      6509.35     0.903773
      6511.82     0.903814
      6514.29     0.903855
      6516.75     0.903896
      6519.22     0.903937
      6521.69     0.903978
      6524.16     0.904020
      6526.62     0.904061
      6529.09     0.904102
      6531.56     0.904143
      6534.03     0.904184
      6536.49     0.904226
      6538.96     0.904267
      6541.43     0.904308
      6543.89     0.904349
      6546.36     0.904390
      6548.83     0.904432
      6551.30     0.904473
      6553.76     0.904514
      6556.23     0.904555
      6558.70     0.904596
      6561.17     0.904637
      6563.63     0.904679
      6566.10     0.904720
      6568.57     0.904761
      6571.03     0.904802
      6573.50     0.904843
      6575.97     0.904885
      6578.44     0.904926
      6580.90     0.904967
      6583.37     0.905008
      6585.84     0.905049
      6588.31     0.905091
      6590.77     0.905132
      6593.24     0.905173
      6595.71     0.905214
      6598.17     0.905255
      6600.64     0.905296
      6603.11     0.905338
      6605.58     0.905379
      6608.04     0.905420
      6610.51     0.905461
      6612.98     0.905502
      6615.45     0.905544
      6617.91     0.905585
      6620.38     0.905626
      6622.85     0.905667
      6625.31     0.905708
      6627.78     0.905749
      6630.25     0.905791
      6632.72     0.905832
      6635.18     0.905873
      6637.65     0.905914
      6640.12     0.905955
      6642.59     0.905997
      6645.05     0.906038
      6647.52     0.906079
      6649.99     0.906120
      6652.46     0.906161
      6654.92     0.906203
      6657.39     0.906244
      6659.86     0.906285
      6662.32     0.906326
      6664.79     0.906367
      6667.26     0.906408
      6669.73     0.906450
      6672.19     0.906491
      6674.66     0.906532
      6677.13     0.906573
      6679.60     0.906614
      6682.06     0.906656
      6684.53     0.906697
      6687.00     0.906738
      6689.46     0.906779
      6691.93     0.906820
      6694.40     0.906862
      6696.87     0.906903
      6699.33     0.906944
      6701.80     0.906985
      6704.27     0.907026
      6706.74     0.907067
      6709.20     0.907109
      6711.67     0.907150
      6714.14     0.907191
      6716.60     0.907232
      6719.07     0.907273
      6721.54     0.907315
      6724.01     0.907356
      6726.47     0.907397
      6728.94     0.907438
      6731.41     0.907479
      6733.88     0.907521
      6736.34     0.907562
      6738.81     0.907603
      6741.28     0.907644
      6743.74     0.907685
      6746.21     0.907726
      6748.68     0.907768
      6751.15     0.907809
      6753.61     0.907850
      6756.08     0.907891
      6758.55     0.907932
      6761.02     0.907974
      6763.48     0.908015
      6765.95     0.908056
      6768.42     0.908097
      6770.88     0.908138
      6773.35     0.908180
      6775.82     0.908221
      6778.29     0.908262
      6780.75     0.908303
      6783.22     0.908344
      6785.69     0.908385
      6788.16     0.908427
      6790.62     0.908468
      6793.09     0.908509
      6795.56     0.908550
      6798.02     0.908591
      6800.49     0.908633
      6802.96     0.908674
      6805.43     0.908715
      6807.89     0.908756
      6810.36     0.908797
      6812.83     0.908839
      6815.30     0.908880
      6817.76     0.908921
      6820.23     0.908962
      6822.70     0.909003
      6825.17     0.909044
      6827.63     0.909086
      6830.10     0.909127
      6832.57     0.909168
      6835.03     0.909209
      6837.50     0.909250
      6839.97     0.909292
      6842.44     0.909333
      6844.90     0.909374
      6847.37     0.909415
      6849.84     0.909456
      6852.31     0.909497
      6854.77     0.909539
      6857.24     0.909580
      6859.71     0.909621
      6862.17     0.909662
      6864.64     0.909703
      6867.11     0.909745
      6869.58     0.909786
      6872.04     0.909827
      6874.51     0.909868
      6876.98     0.909909
      6879.45     0.909951
      6881.91     0.909992
      6884.38     0.910033
      6886.85     0.910074
      6889.31     0.910115
      6891.78     0.910156
      6894.25     0.910198
      6896.72     0.910239
      6899.18     0.910280
      6901.65     0.910321
      6904.12     0.910362
      6906.59     0.910404
      6909.05     0.910445
      6911.52     0.910486
      6913.99     0.910527
      6916.45     0.910568
      6918.92     0.910610
      6921.39     0.910651
      6923.86     0.910692
      6926.32     0.910733
      6928.79     0.910774
      6931.26     0.910815
      6933.73     0.910857
      6936.19     0.910898
      6938.66     0.910939
      6941.13     0.910980
      6943.59     0.911021
      6946.06     0.911063
      6948.53     0.911104
      6951.00     0.911145
      6953.46     0.911186
      6955.93     0.911227
      6958.40     0.911269
      6960.87     0.911310
      6963.33     0.911351
      6965.80     0.911392
      6968.27     0.911433
      6970.73     0.911474
      6973.20     0.911516
      6975.67     0.911557
      6978.14     0.911598
      6980.60     0.911639
      6983.07     0.911680
      6985.54     0.911722
      6988.01     0.911763
      6990.47     0.911804
      6992.94     0.911845
      6995.41     0.911886
      6997.88     0.911928
      7000.34     0.911969
      7002.81     0.912010
      7005.28     0.912073
      7007.74     0.912136
      7010.21     0.912199
      7012.68     0.912262
      7015.15     0.912326
      7017.61     0.912389
      7020.08     0.912452
      7022.55     0.912515
      7025.02     0.912578
      7027.48     0.912641
      7029.95     0.912704
      7032.42     0.912767
      7034.88     0.912830
      7037.35     0.912894
      7039.82     0.912957
      7042.29     0.913020
      7044.75     0.913083
      7047.22     0.913146
      7049.69     0.913209
      7052.16     0.913272
      7054.62     0.913335
      7057.09     0.913399
      7059.56     0.913462
      7062.02     0.913525
      7064.49     0.913588
      7066.96     0.913651
      7069.43     0.913714
      7071.89     0.913777
      7074.36     0.913840
      7076.83     0.913904
      7079.30     0.913967
      7081.76     0.914030
      7084.23     0.914093
      7086.70     0.914156
      7089.16     0.914219
      7091.63     0.914282
      7094.10     0.914345
      7096.57     0.914409
      7099.03     0.914472
      7101.50     0.914535
      7103.97     0.914598
      7106.44     0.914661
      7108.90     0.914724
      7111.37     0.914787
      7113.84     0.914850
      7116.30     0.914913
      7118.77     0.914977
      7121.24     0.915040
      7123.71     0.915103
      7126.17     0.915166
      7128.64     0.915229
      7131.11     0.915292
      7133.58     0.915355
      7136.04     0.915418
      7138.51     0.915482
      7140.98     0.915545
      7143.44     0.915608
      7145.91     0.915671
      7148.38     0.915734
      7150.85     0.915797
      7153.31     0.915860
      7155.78     0.915923
      7158.25     0.915987
      7160.72     0.916050
      7163.18     0.916113
      7165.65     0.916176
      7168.12     0.916239
      7170.58     0.916302
      7173.05     0.916365
      7175.52     0.916428
      7177.99     0.916492
      7180.45     0.916555
      7182.92     0.916618
      7185.39     0.916681
      7187.86     0.916744
      7190.32     0.916807
      7192.79     0.916870
      7195.26     0.916933
      7197.73     0.916996
      7200.19     0.917060
      7202.66     0.917123
      7205.13     0.917186
      7207.59     0.917249
      7210.06     0.917312
      7212.53     0.917375
      7215.00     0.917438
      7217.46     0.917501
      7219.93     0.917565
      7222.40     0.917628
      7224.87     0.917691
      7227.33     0.917754
      7229.80     0.917817
      7232.27     0.917880
      7234.73     0.917943
      7237.20     0.918006
      7239.67     0.918070
      7242.14     0.918133
      7244.60     0.918196
      7247.07     0.918259
      7249.54     0.918322
      7252.01     0.918385
      7254.47     0.918448
      7256.94     0.918511
      7259.41     0.918575
      7261.87     0.918638
      7264.34     0.918701
      7266.81     0.918764
      7269.28     0.918827
      7271.74     0.918890
      7274.21     0.918953
      7276.68     0.919016
      7279.15     0.919079
      7281.61     0.919143
      7284.08     0.919206
      7286.55     0.919269
      7289.01     0.919332
      7291.48     0.919395
      7293.95     0.919458
      7296.42     0.919521
      7298.88     0.919584
      7301.35     0.919648
      7303.82     0.919711
      7306.29     0.919774
      7308.75     0.919837
      7311.22     0.919900
      7313.69     0.919963
      7316.15     0.920026
      7318.62     0.920089
      7321.09     0.920153
      7323.56     0.920216
      7326.02     0.920279
      7328.49     0.920342
      7330.96     0.920405
      7333.43     0.920468
      7335.89     0.920531
      7338.36     0.920594
      7340.83     0.920658
      7343.29     0.920721
      7345.76     0.920784
      7348.23     0.920847
      7350.70     0.920910
      7353.16     0.920973
      7355.63     0.921036
      7358.10     0.921099
      7360.57     0.921162
      7363.03     0.921226
      7365.50     0.921289
      7367.97     0.921352
      7370.44     0.921415
      7372.90     0.921478
      7375.37     0.921541
      7377.84     0.921604
      7380.30     0.921667
      7382.77     0.921731
      7385.24     0.921794
      7387.71     0.921857
      7390.17     0.921920
      7392.64     0.921983
      7395.11     0.922046
      7397.58     0.922109
      7400.04     0.922172
      7402.51     0.922236
      7404.98     0.922299
      7407.44     0.922362
      7409.91     0.922425
      7412.38     0.922488
      7414.85     0.922551
      7417.31     0.922614
      7419.78     0.922677
      7422.25     0.922741
      7424.72     0.922804
      7427.18     0.922867
      7429.65     0.922930
      7432.12     0.922993
      7434.58     0.923056
      7437.05     0.923119
      7439.52     0.923182
      7441.99     0.923245
      7444.45     0.923309
      7446.92     0.923372
      7449.39     0.923435
      7451.86     0.923498
      7454.32     0.923561
      7456.79     0.923624
      7459.26     0.923687
      7461.72     0.923750
      7464.19     0.923814
      7466.66     0.923877
      7469.13     0.923940
      7471.59     0.924003
      7474.06     0.924066
      7476.53     0.924129
      7479.00     0.924192
      7481.46     0.924255
      7483.93     0.924319
      7486.40     0.924382
      7488.86     0.924445
      7491.33     0.924508
      7493.80     0.924571
      7496.27     0.924634
      7498.73     0.924697
      7501.20     0.924760
      7503.67     0.924824
      7506.14     0.924887
      7508.60     0.924950
      7511.07     0.925013
      7513.54     0.925076
      7516.00     0.925139
      7518.47     0.925202
      7520.94     0.925265
      7523.41     0.925328
      7525.87     0.925392
      7528.34     0.925455
      7530.81     0.925518
      7533.28     0.925581
      7535.74     0.925644
      7538.21     0.925707
      7540.68     0.925770
      7543.15     0.925833
      7545.61     0.925897
      7548.08     0.925960
      7550.55     0.926023
      7553.01     0.926086
      7555.48     0.926149
      7557.95     0.926212
      7560.42     0.926275
      7562.88     0.926338
      7565.35     0.926402
      7567.82     0.926465
      7570.29     0.926528
      7572.75     0.926591
      7575.22     0.926654
      7577.69     0.926717
      7580.15     0.926780
      7582.62     0.926843
      7585.09     0.926907
      7587.56     0.926970
      7590.02     0.927033
      7592.49     0.927096
      7594.96     0.927159
      7597.43     0.927222
      7599.89     0.927285
      7602.36     0.927348
      7604.83     0.927411
      7607.29     0.927475
      7609.76     0.927538
      7612.23     0.927601
      7614.70     0.927664
      7617.16     0.927727
      7619.63     0.927790
      7622.10     0.927853
      7624.57     0.927916
      7627.03     0.927980
      7629.50     0.928043
      7631.97     0.928106
      7634.43     0.928169
      7636.90     0.928232
      7639.37     0.928295
      7641.84     0.928358
      7644.30     0.928421
      7646.77     0.928485
      7649.24     0.928548
      7651.71     0.928611
      7654.17     0.928674
      7656.64     0.928737
      7659.11     0.928800
      7661.57     0.928863
      7664.04     0.928926
      7666.51     0.928990
      7668.98     0.929053
      7671.44     0.929116
      7673.91     0.929179
      7676.38     0.929242
      7678.85     0.929305
      7681.31     0.929368
      7683.78     0.929431
      7686.25     0.929495
      7688.71     0.929558
      7691.18     0.929621
      7693.65     0.929684
      7696.12     0.929747
      7698.58     0.929810
      7701.05     0.929873
      7703.52     0.929936
      7705.99     0.929999
      7708.45     0.930063
      7710.92     0.930126
      7713.39     0.930189
      7715.85     0.930252
      7718.32     0.930315
      7720.79     0.930378
      7723.26     0.930441
      7725.72     0.930504
      7728.19     0.930568
      7730.66     0.930631
      7733.13     0.930694
      7735.59     0.930757
      7738.06     0.930820
      7740.53     0.930883
      7743.00     0.930946
      7745.46     0.931009
      7747.93     0.931073
      7750.40     0.931136
      7752.86     0.931199
      7755.33     0.931262
      7757.80     0.931325
      7760.27     0.931388
      7762.73     0.931451
      7765.20     0.931514
      7767.67     0.931578
      7770.14     0.931641
      7772.60     0.931704
      7775.07     0.931767
      7777.54     0.931830
      7780.00     0.931893
      7782.47     0.931956
      7784.94     0.932019
      7787.41     0.932082
      7789.87     0.932146
      7792.34     0.932209
      7794.81     0.932272
      7797.28     0.932335
      7799.74     0.932398
      7802.21     0.932461
      7804.68     0.932524
      7807.14     0.932587
      7809.61     0.932651
      7812.08     0.932714
      7814.55     0.932777
      7817.01     0.932840
      7819.48     0.932903
      7821.95     0.932966
      7824.42     0.933029
      7826.88     0.933092
      7829.35     0.933156
      7831.82     0.933219
      7834.28     0.933282
      7836.75     0.933345
      7839.22     0.933408
      7841.69     0.933471
      7844.15     0.933534
      7846.62     0.933597
      7849.09     0.933661
      7851.56     0.933724
      7854.02     0.933787
      7856.49     0.933850
      7858.96     0.933913
      7861.42     0.933976
      7863.89     0.934039
      7866.36     0.934102
      7868.83     0.934165
      7871.29     0.934229
      7873.76     0.934292
      7876.23     0.934355
      7878.70     0.934418
      7881.16     0.934481
      7883.63     0.934544
      7886.10     0.934607
      7888.56     0.934670
      7891.03     0.934734
      7893.50     0.934797
      7895.97     0.934860
      7898.43     0.934923
      7900.90     0.934986
      7903.37     0.935049
      7905.84     0.935112
      7908.30     0.935175
      7910.77     0.935239
      7913.24     0.935302
      7915.71     0.935365
      7918.17     0.935428
      7920.64     0.935491
      7923.11     0.935554
      7925.57     0.935617
      7928.04     0.935680
      7930.51     0.935744
      7932.98     0.935807
      7935.44     0.935870
      7937.91     0.935933
      7940.38     0.935996
      7942.85     0.936059
      7945.31     0.936122
      7947.78     0.936185
      7950.25     0.936248
      7952.71     0.936312
      7955.18     0.936375
      7957.65     0.936438
      7960.12     0.936501
      7962.58     0.936564
      7965.05     0.936627
      7967.52     0.936690
      7969.99     0.936753
      7972.45     0.936817
      7974.92     0.936880
      7977.39     0.936943
      7979.85     0.937006
      7982.32     0.937069
      7984.79     0.937132
      7987.26     0.937195
      7989.72     0.937258
      7992.19     0.937322
      7994.66     0.937385
      7997.13     0.937448
      7999.59     0.937511
      8002.06     0.937574
      8004.53     0.937617
      8006.99     0.937660
      8009.46     0.937703
      8011.93     0.937746
      8014.40     0.937789
      8016.86     0.937832
      8019.33     0.937875
      8021.80     0.937918
      8024.27     0.937961
      8026.73     0.938004
      8029.20     0.938047
      8031.67     0.938090
      8034.13     0.938133
      8036.60     0.938177
      8039.07     0.938220
      8041.54     0.938263
      8044.00     0.938306
      8046.47     0.938349
      8048.94     0.938392
      8051.41     0.938435
      8053.87     0.938478
      8056.34     0.938521
      8058.81     0.938564
      8061.27     0.938607
      8063.74     0.938650
      8066.21     0.938693
      8068.68     0.938736
      8071.14     0.938779
      8073.61     0.938822
      8076.08     0.938865
      8078.55     0.938908
      8081.01     0.938951
      8083.48     0.938994
      8085.95     0.939037
      8088.42     0.939080
      8090.88     0.939123
      8093.35     0.939166
      8095.82     0.939209
      8098.28     0.939252
      8100.75     0.939295
      8103.22     0.939338
      8105.69     0.939381
      8108.15     0.939425
      8110.62     0.939468
      8113.09     0.939511
      8115.56     0.939554
      8118.02     0.939597
      8120.49     0.939640
      8122.96     0.939683
      8125.42     0.939726
      8127.89     0.939769
      8130.36     0.939812
      8132.83     0.939855
      8135.29     0.939898
      8137.76     0.939941
      8140.23     0.939984
      8142.70     0.940027
      8145.16     0.940070
      8147.63     0.940113
      8150.10     0.940156
      8152.56     0.940199
      8155.03     0.940242
      8157.50     0.940285
      8159.97     0.940328
      8162.43     0.940371
      8164.90     0.940414
      8167.37     0.940457
      8169.84     0.940500
      8172.30     0.940543
      8174.77     0.940586
      8177.24     0.940629
      8179.70     0.940673
      8182.17     0.940716
      8184.64     0.940759
      8187.11     0.940802
      8189.57     0.940845
      8192.04     0.940888
      8194.51     0.940931
      8196.97     0.940974
      8199.44     0.941017
      8201.91     0.941060
      8204.38     0.941103
      8206.84     0.941146
      8209.31     0.941189
      8211.78     0.941232
      8214.24     0.941275
      8216.71     0.941318
      8219.18     0.941361
      8221.64     0.941404
      8224.11     0.941447
      8226.58     0.941490
      8229.04     0.941533
      8231.51     0.941576
      8233.98     0.941619
      8236.44     0.941662
      8238.91     0.941705
      8241.38     0.941748
      8243.84     0.941791
      8246.31     0.941834
      8248.78     0.941877
      8251.24     0.941921
      8253.71     0.941964
      8256.18     0.942007
      8258.64     0.942050
      8261.11     0.942093
      8263.58     0.942136
      8266.04     0.942179
      8268.51     0.942222
      8270.98     0.942265
      8273.45     0.942308
      8275.91     0.942351
      8278.38     0.942394
      8280.85     0.942437
      8283.31     0.942480
      8285.78     0.942523
      8288.25     0.942566
      8290.71     0.942609
      8293.18     0.942652
      8295.65     0.942695
      8298.11     0.942738
      8300.58     0.942781
      8303.05     0.942824
      8305.51     0.942867
      8307.98     0.942910
      8310.45     0.942953
      8312.91     0.942996
      8315.38     0.943039
      8317.85     0.943082
      8320.31     0.943125
      8322.78     0.943169
      8325.25     0.943212
      8327.71     0.943255
      8330.18     0.943298
      8332.65     0.943341
      8335.12     0.943384
      8337.58     0.943427
      8340.05     0.943470
      8342.52     0.943513
      8344.98     0.943556
      8347.45     0.943599
      8349.92     0.943642
      8352.38     0.943685
      8354.85     0.943728
      8357.32     0.943771
      8359.78     0.943814
      8362.25     0.943857
      8364.72     0.943900
      8367.18     0.943943
      8369.65     0.943986
      8372.12     0.944029
      8374.58     0.944072
      8377.05     0.944115
      8379.52     0.944158
      8381.98     0.944201
      8384.45     0.944244
      8386.92     0.944287
      8389.38     0.944330
      8391.85     0.944373
      8394.32     0.944417
      8396.79     0.944460
      8399.25     0.944503
      8401.72     0.944546
      8404.19     0.944589
      8406.65     0.944632
      8409.12     0.944675
      8411.59     0.944718
      8414.05     0.944761
      8416.52     0.944804
      8418.99     0.944847
      8421.45     0.944890
      8423.92     0.944933
      8426.39     0.944976
      8428.85     0.945019
      8431.32     0.945062
      8433.79     0.945105
      8436.25     0.945148
      8438.72     0.945191
      8441.19     0.945234
      8443.65     0.945277
      8446.12     0.945320
      8448.59     0.945363
      8451.05     0.945406
      8453.52     0.945449
      8455.99     0.945492
      8458.46     0.945535
      8460.92     0.945578
      8463.39     0.945621
      8465.86     0.945665
      8468.32     0.945708
      8470.79     0.945751
      8473.26     0.945794
      8475.72     0.945837
      8478.19     0.945880
      8480.66     0.945923
      8483.12     0.945966
      8485.59     0.946009
      8488.06     0.946052
      8490.52     0.946095
      8492.99     0.946138
      8495.46     0.946181
      8497.92     0.946224
      8500.39     0.946267
      8502.86     0.946310
      8505.32     0.946353
      8507.79     0.946396
      8510.26     0.946439
      8512.72     0.946482
      8515.19     0.946525
      8517.66     0.946568
      8520.12     0.946611
      8522.59     0.946654
      8525.06     0.946697
      8527.53     0.946740
      8529.99     0.946783
      8532.46     0.946826
      8534.93     0.946869
      8537.39     0.946913
      8539.86     0.946956
      8542.33     0.946999
      8544.79     0.947042
      8547.26     0.947085
      8549.73     0.947128
      8552.19     0.947171
      8554.66     0.947214
      8557.13     0.947257
      8559.59     0.947300
      8562.06     0.947343
      8564.53     0.947386
      8566.99     0.947429
      8569.46     0.947472
      8571.93     0.947515
      8574.39     0.947558
      8576.86     0.947601
      8579.33     0.947644
      8581.79     0.947687
      8584.26     0.947730
      8586.73     0.947773
      8589.20     0.947816
      8591.66     0.947859
      8594.13     0.947902
      8596.60     0.947945
      8599.06     0.947988
      8601.53     0.948031
      8604.00     0.948074
      8606.46     0.948117
      8608.93     0.948161
      8611.40     0.948204
      8613.86     0.948247
      8616.33     0.948290
      8618.80     0.948333
      8621.26     0.948376
      8623.73     0.948419
      8626.20     0.948462
      8628.66     0.948505
      8631.13     0.948548
      8633.60     0.948591
      8636.06     0.948634
      8638.53     0.948677
      8641.00     0.948720
      8643.46     0.948763
      8645.93     0.948806
      8648.40     0.948849
      8650.87     0.948892
      8653.33     0.948935
      8655.80     0.948978
      8658.27     0.949021
      8660.73     0.949064
      8663.20     0.949107
      8665.67     0.949150
      8668.13     0.949193
      8670.60     0.949236
      8673.07     0.949279
      8675.53     0.949322
      8678.00     0.949365
      8680.47     0.949409
      8682.93     0.949452
      8685.40     0.949495
      8687.87     0.949538
      8690.33     0.949581
      8692.80     0.949624
      8695.27     0.949667
      8697.73     0.949710
      8700.20     0.949753
      8702.67     0.949796
      8705.13     0.949839
      8707.60     0.949882
      8710.07     0.949925
      8712.54     0.949968
      8715.00     0.950011
      8717.47     0.950054
      8719.94     0.950097
      8722.40     0.950140
      8724.87     0.950183
      8727.34     0.950226
      8729.80     0.950269
      8732.27     0.950312
      8734.74     0.950355
      8737.20     0.950398
      8739.67     0.950441
      8742.14     0.950484
      8744.60     0.950527
      8747.07     0.950570
      8749.54     0.950613
      8752.00     0.950657
      8754.47     0.950700
      8756.94     0.950743
      8759.40     0.950786
      8761.87     0.950829
      8764.34     0.950872
      8766.80     0.950915
      8769.27     0.950958
      8771.74     0.951001
      8774.21     0.951044
      8776.67     0.951087
      8779.14     0.951130
      8781.61     0.951173
      8784.07     0.951216
      8786.54     0.951259
      8789.01     0.951302
      8791.47     0.951345
      8793.94     0.951388
      8796.41     0.951431
      8798.87     0.951474
      8801.34     0.951517
      8803.81     0.951560
      8806.27     0.951603
      8808.74     0.951646
      8811.21     0.951689
      8813.67     0.951732
      8816.14     0.951775
      8818.61     0.951818
      8821.07     0.951862
      8823.54     0.951905
      8826.01     0.951948
      8828.47     0.951991
      8830.94     0.952034
      8833.41     0.952077
      8835.88     0.952120
      8838.34     0.952163
      8840.81     0.952206
      8843.28     0.952249
      8845.74     0.952292
      8848.21     0.952335
      8850.68     0.952378
      8853.14     0.952421
      8855.61     0.952464
      8858.08     0.952507
      8860.54     0.952550
      8863.01     0.952593
      8865.48     0.952636
      8867.94     0.952679
      8870.41     0.952722
      8872.88     0.952765
      8875.34     0.952808
      8877.81     0.952851
      8880.28     0.952894
      8882.74     0.952937
      8885.21     0.952980
      8887.68     0.953023
      8890.14     0.953066
      8892.61     0.953110
      8895.08     0.953153
      8897.54     0.953196
      8900.01     0.953239
      8902.48     0.953282
      8904.95     0.953325
      8907.41     0.953368
      8909.88     0.953411
      8912.35     0.953454
      8914.81     0.953497
      8917.28     0.953540
      8919.75     0.953583
      8922.21     0.953626
      8924.68     0.953669
      8927.15     0.953712
      8929.61     0.953755
      8932.08     0.953798
      8934.55     0.953841
      8937.01     0.953884
      8939.48     0.953927
      8941.95     0.953970
      8944.41     0.954013
      8946.88     0.954056
      8949.35     0.954099
      8951.81     0.954142
      8954.28     0.954185
      8956.75     0.954228
      8959.21     0.954271
      8961.68     0.954314
      8964.15     0.954358
      8966.62     0.954401
      8969.08     0.954444
      8971.55     0.954487
      8974.02     0.954530
      8976.48     0.954573
      8978.95     0.954616
      8981.42     0.954659
      8983.88     0.954702
      8986.35     0.954745
      8988.82     0.954788
      8991.28     0.954831
      8993.75     0.954874
      8996.22     0.954917
      8998.68     0.954960
      9001.15     0.955003
      9003.62     0.955025
      9006.08     0.955047
      9008.55     0.955068
      9011.02     0.955090
      9013.48     0.955112
      9015.95     0.955134
      9018.42     0.955156
      9020.88     0.955178
      9023.35     0.955199
      9025.82     0.955221
      9028.29     0.955243
      9030.75     0.955265
      9033.22     0.955287
      9035.69     0.955308
      9038.15     0.955330
      9040.62     0.955352
      9043.09     0.955374
      9045.55     0.955396
      9048.02     0.955418
      9050.49     0.955439
      9052.95     0.955461
      9055.42     0.955483
      9057.89     0.955505
      9060.35     0.955527
      9062.82     0.955548
      9065.29     0.955570
      9067.75     0.955592
      9070.22     0.955614
      9072.69     0.955636
      9075.15     0.955657
      9077.62     0.955679
      9080.09     0.955701
      9082.55     0.955723
      9085.02     0.955745
      9087.49     0.955767
      9089.96     0.955788
      9092.42     0.955810
      9094.89     0.955832
      9097.36     0.955854
      9099.82     0.955876
      9102.29     0.955897
      9104.76     0.955919
      9107.22     0.955941
      9109.69     0.955963
      9112.16     0.955985
      9114.62     0.956007
      9117.09     0.956028
      9119.56     0.956050
      9122.02     0.956072
      9124.49     0.956094
      9126.96     0.956116
      9129.42     0.956137
      9131.89     0.956159
      9134.36     0.956181
      9136.82     0.956203
      9139.29     0.956225
      9141.76     0.956246
      9144.22     0.956268
      9146.69     0.956290
      9149.16     0.956312
      9151.62     0.956334
      9154.09     0.956356
      9156.56     0.956377
      9159.03     0.956399
      9161.49     0.956421
      9163.96     0.956443
      9166.43     0.956465
      9168.89     0.956486
      9171.36     0.956508
      9173.83     0.956530
      9176.29     0.956552
      9178.76     0.956574
      9181.23     0.956596
      9183.69     0.956617
      9186.16     0.956639
      9188.63     0.956661
      9191.09     0.956683
      9193.56     0.956705
      9196.03     0.956726
      9198.49     0.956748
      9200.96     0.956770
      9203.43     0.956792
      9205.89     0.956814
      9208.36     0.956836
      9210.83     0.956857
      9213.29     0.956879
      9215.76     0.956901
      9218.23     0.956923
      9220.70     0.956945
      9223.16     0.956966
      9225.63     0.956988
      9228.10     0.957010
      9230.56     0.957032
      9233.03     0.957054
      9235.50     0.957075
      9237.96     0.957097
      9240.43     0.957119
      9242.90     0.957141
      9245.36     0.957163
      9247.83     0.957185
      9250.30     0.957206
      9252.76     0.957228
      9255.23     0.957250
      9257.70     0.957272
      9260.16     0.957294
      9262.63     0.957315
      9265.10     0.957337
      9267.56     0.957359
      9270.03     0.957381
      9272.50     0.957403
      9274.96     0.957425
      9277.43     0.957446
      9279.90     0.957468
      9282.37     0.957490
      9284.83     0.957512
      9287.30     0.957534
      9289.77     0.957555
      9292.23     0.957577
      9294.70     0.957599
      9297.17     0.957621
      9299.63     0.957643
      9302.10     0.957664
      9304.57     0.957686
      9307.03     0.957708
      9309.50     0.957730
      9311.97     0.957752
      9314.43     0.957774
      9316.90     0.957795
      9319.37     0.957817
      9321.83     0.957839
      9324.30     0.957861
      9326.77     0.957883
      9329.23     0.957904
      9331.70     0.957926
      9334.17     0.957948
      9336.63     0.957970
      9339.10     0.957992
      9341.57     0.958014
      9344.04     0.958035
      9346.50     0.958057
      9348.97     0.958079
      9351.44     0.958101
      9353.90     0.958123
      9356.37     0.958144
      9358.84     0.958166
      9361.30     0.958188
      9363.77     0.958210
      9366.24     0.958232
      9368.70     0.958254
      9371.17     0.958275
      9373.64     0.958297
      9376.10     0.958319
      9378.57     0.958341
      9381.04     0.958363
      9383.50     0.958384
      9385.97     0.958406
      9388.44     0.958428
      9390.90     0.958450
      9393.37     0.958472
      9395.84     0.958493
      9398.30     0.958515
      9400.77     0.958537
      9403.24     0.958559
      9405.71     0.958581
      9408.17     0.958603
      9410.64     0.958624
      9413.11     0.958646
      9415.57     0.958668
      9418.04     0.958690
      9420.51     0.958712
      9422.97     0.958733
      9425.44     0.958755
      9427.91     0.958777
      9430.37     0.958799
      9432.84     0.958821
      9435.31     0.958843
      9437.77     0.958864
      9440.24     0.958886
      9442.71     0.958908
      9445.17     0.958930
      9447.64     0.958952
      9450.11     0.958973
      9452.57     0.958995
      9455.04     0.959017
      9457.51     0.959039
      9459.97     0.959061
      9462.44     0.959082
      9464.91     0.959104
      9467.38     0.959126
      9469.84     0.959148
      9472.31     0.959170
      9474.78     0.959192
      9477.24     0.959213
      9479.71     0.959235
      9482.18     0.959257
      9484.64     0.959279
      9487.11     0.959301
      9489.58     0.959322
      9492.04     0.959344
      9494.51     0.959366
      9496.98     0.959388
      9499.44     0.959410
      9501.91     0.959432
      9504.38     0.959453
      9506.84     0.959475
      9509.31     0.959497
      9511.78     0.959519
      9514.24     0.959541
      9516.71     0.959562
      9519.18     0.959584
      9521.64     0.959606
      9524.11     0.959628
      9526.58     0.959650
      9529.04     0.959671
      9531.51     0.959693
      9533.98     0.959715
      9536.45     0.959737
      9538.91     0.959759
      9541.38     0.959781
      9543.85     0.959802
      9546.31     0.959824
      9548.78     0.959846
      9551.25     0.959868
      9553.71     0.959890
      9556.18     0.959911
      9558.65     0.959933
      9561.11     0.959955
      9563.58     0.959977
      9566.05     0.959999
      9568.51     0.960021
      9570.98     0.960042
      9573.45     0.960064
      9575.91     0.960086
      9578.38     0.960108
      9580.85     0.960130
      9583.31     0.960151
      9585.78     0.960173
      9588.25     0.960195
      9590.71     0.960217
      9593.18     0.960239
      9595.65     0.960261
      9598.12     0.960282
      9600.58     0.960304
      9603.05     0.960326
      9605.52     0.960348
      9607.98     0.960370
      9610.45     0.960391
      9612.92     0.960413
      9615.38     0.960435
      9617.85     0.960457
      9620.32     0.960479
      9622.78     0.960500
      9625.25     0.960522
      9627.72     0.960544
      9630.18     0.960566
      9632.65     0.960588
      9635.12     0.960610
      9637.58     0.960631
      9640.05     0.960653
      9642.52     0.960675
      9644.98     0.960697
      9647.45     0.960719
      9649.92     0.960740
      9652.38     0.960762
      9654.85     0.960784
      9657.32     0.960806
      9659.79     0.960828
      9662.25     0.960850
      9664.72     0.960871
      9667.19     0.960893
      9669.65     0.960915
      9672.12     0.960937
      9674.59     0.960959
      9677.05     0.960980
      9679.52     0.961002
      9681.99     0.961024
      9684.45     0.961046
      9686.92     0.961068
      9689.39     0.961089
      9691.85     0.961111
      9694.32     0.961133
      9696.79     0.961155
      9699.25     0.961177
      9701.72     0.961199
      9704.19     0.961220
      9706.65     0.961242
      9709.12     0.961264
      9711.59     0.961286
      9714.05     0.961308
      9716.52     0.961329
      9718.99     0.961351
      9721.46     0.961373
      9723.92     0.961395
      9726.39     0.961417
      9728.86     0.961439
      9731.32     0.961460
      9733.79     0.961482
      9736.26     0.961504
      9738.72     0.961526
      9741.19     0.961548
      9743.66     0.961569
      9746.12     0.961591
      9748.59     0.961613
      9751.06     0.961635
      9753.52     0.961657
      9755.99     0.961679
      9758.46     0.961700
      9760.92     0.961722
      9763.39     0.961744
      9765.86     0.961766
      9768.32     0.961788
      9770.79     0.961809
      9773.26     0.961831
      9775.72     0.961853
      9778.19     0.961875
      9780.66     0.961897
      9783.12     0.961918
      9785.59     0.961940
      9788.06     0.961962
      9790.53     0.961984
      9792.99     0.962006
      9795.46     0.962028
      9797.93     0.962049
      9800.39     0.962071
      9802.86     0.962093
      9805.33     0.962115
      9807.79     0.962137
      9810.26     0.962158
      9812.73     0.962180
      9815.19     0.962202
      9817.66     0.962224
      9820.13     0.962246
      9822.59     0.962268
      9825.06     0.962289
      9827.53     0.962311
      9829.99     0.962333
      9832.46     0.962355
      9834.93     0.962377
      9837.39     0.962398
      9839.86     0.962420
      9842.33     0.962442
      9844.79     0.962464
      9847.26     0.962486
      9849.73     0.962507
      9852.20     0.962529
      9854.66     0.962551
      9857.13     0.962573
      9859.60     0.962595
      9862.06     0.962617
      9864.53     0.962638
      9867.00     0.962660
      9869.46     0.962682
      9871.93     0.962704
      9874.40     0.962726
      9876.86     0.962747
      9879.33     0.962769
      9881.80     0.962791
      9884.26     0.962813
      9886.73     0.962835
      9889.20     0.962857
      9891.66     0.962878
      9894.13     0.962900
      9896.60     0.962922
      9899.06     0.962944
      9901.53     0.962966
      9904.00     0.962987
      9906.46     0.963009
      9908.93     0.963031
      9911.40     0.963053
      9913.87     0.963075
      9916.33     0.963096
      9918.80     0.963118
      9921.27     0.963140
      9923.73     0.963162
      9926.20     0.963184
      9928.67     0.963206
      9931.13     0.963227
      9933.60     0.963249
      9936.07     0.963271
      9938.53     0.963293
      9941.00     0.963315
      9943.47     0.963336
      9945.93     0.963358
      9948.40     0.963380
      9950.87     0.963402
      9953.33     0.963424
      9955.80     0.963446
      9958.27     0.963467
      9960.73     0.963489
      9963.20     0.963511
      9965.67     0.963533
      9968.13     0.963555
      9970.60     0.963576
      9973.07     0.963598
      9975.54     0.963620
      9978.00     0.963642
      9980.47     0.963664
      9982.94     0.963686
      9985.40     0.963707
      9987.87     0.963729
      9990.34     0.963751
      9992.80     0.963773
      9995.27     0.963795
      9997.74     0.963816
      10000.2     0.963838
      10002.7     0.963856
      10005.1     0.963873
      10007.6     0.963890
      10010.1     0.963907
      10012.5     0.963925
      10015.0     0.963942
      10017.5     0.963959
      10019.9     0.963977
      10022.4     0.963994
      10024.9     0.964011
      10027.3     0.964028
      10029.8     0.964046
      10032.3     0.964063
      10034.7     0.964080
      10037.2     0.964097
      10039.7     0.964115
      10042.1     0.964132
      10044.6     0.964149
      10047.1     0.964167
      10049.5     0.964184
      10052.0     0.964201
      10054.5     0.964218
      10056.9     0.964236
      10059.4     0.964253
      10061.9     0.964270
      10064.3     0.964288
      10066.8     0.964305
      10069.3     0.964322
      10071.7     0.964339
      10074.2     0.964357
      10076.7     0.964374
      10079.1     0.964391
      10081.6     0.964409
      10084.1     0.964426
      10086.5     0.964443
      10089.0     0.964460
      10091.5     0.964478
      10093.9     0.964495
      10096.4     0.964512
      10098.9     0.964530
      10101.3     0.964547
      10103.8     0.964564
      10106.3     0.964581
      10108.7     0.964599
      10111.2     0.964616
      10113.7     0.964633
      10116.1     0.964651
      10118.6     0.964668
      10121.1     0.964685
      10123.5     0.964702
      10126.0     0.964720
      10128.5     0.964737
      10130.9     0.964754
      10133.4     0.964772
      10135.9     0.964789
      10138.3     0.964806
      10140.8     0.964823
      10143.3     0.964841
      10145.7     0.964858
      10148.2     0.964875
      10150.7     0.964893
      10153.1     0.964910
      10155.6     0.964927
      10158.1     0.964944
      10160.5     0.964962
      10163.0     0.964979
      10165.5     0.964996
      10167.9     0.965014
      10170.4     0.965031
      10172.9     0.965048
      10175.3     0.965065
      10177.8     0.965083
      10180.3     0.965100
      10182.7     0.965117
      10185.2     0.965135
      10187.7     0.965152
      10190.1     0.965169
      10192.6     0.965186
      10195.1     0.965204
      10197.5     0.965221
      10200.0     0.965238
      10202.5     0.965256
      10204.9     0.965273
      10207.4     0.965290
      10209.9     0.965307
      10212.3     0.965325
      10214.8     0.965342
      10217.3     0.965359
      10219.7     0.965377
      10222.2     0.965394
      10224.7     0.965411
      10227.1     0.965428
      10229.6     0.965446
      10232.1     0.965463
      10234.5     0.965480
      10237.0     0.965498
      10239.5     0.965515
      10241.9     0.965532
      10244.4     0.965549
      10246.9     0.965567
      10249.3     0.965584
      10251.8     0.965601
      10254.3     0.965619
      10256.8     0.965636
      10259.2     0.965653
      10261.7     0.965670
      10264.2     0.965688
      10266.6     0.965705
      10269.1     0.965722
      10271.6     0.965740
      10274.0     0.965757
      10276.5     0.965774
      10279.0     0.965791
      10281.4     0.965809
      10283.9     0.965826
      10286.4     0.965843
      10288.8     0.965861
      10291.3     0.965878
      10293.8     0.965895
      10296.2     0.965912
      10298.7     0.965930
      10301.2     0.965947
      10303.6     0.965964
      10306.1     0.965982
      10308.6     0.965999
      10311.0     0.966016
      10313.5     0.966033
      10316.0     0.966051
      10318.4     0.966068
      10320.9     0.966085
      10323.4     0.966103
      10325.8     0.966120
      10328.3     0.966137
      10330.8     0.966154
      10333.2     0.966172
      10335.7     0.966189
      10338.2     0.966206
      10340.6     0.966224
      10343.1     0.966241
      10345.6     0.966258
      10348.0     0.966275
      10350.5     0.966293
      10353.0     0.966310
      10355.4     0.966327
      10357.9     0.966345
      10360.4     0.966362
      10362.8     0.966379
      10365.3     0.966396
      10367.8     0.966414
      10370.2     0.966431
      10372.7     0.966448
      10375.2     0.966466
      10377.6     0.966483
      10380.1     0.966500
      10382.6     0.966517
      10385.0     0.966535
      10387.5     0.966552
      10390.0     0.966569
      10392.4     0.966587
      10394.9     0.966604
      10397.4     0.966621
      10399.8     0.966638
      10402.3     0.966656
      10404.8     0.966673
      10407.2     0.966690
      10409.7     0.966708
      10412.2     0.966725
      10414.6     0.966742
      10417.1     0.966759
      10419.6     0.966777
      10422.0     0.966794
      10424.5     0.966811
      10427.0     0.966829
      10429.4     0.966846
      10431.9     0.966863
      10434.4     0.966880
      10436.8     0.966898
      10439.3     0.966915
      10441.8     0.966932
      10444.2     0.966950
      10446.7     0.966967
      10449.2     0.966984
      10451.6     0.967001
      10454.1     0.967019
      10456.6     0.967036
      10459.0     0.967053
      10461.5     0.967071
      10464.0     0.967088
      10466.4     0.967105
      10468.9     0.967122
      10471.4     0.967140
      10473.8     0.967157
      10476.3     0.967174
      10478.8     0.967192
      10481.2     0.967209
      10483.7     0.967226
      10486.2     0.967243
      10488.6     0.967261
      10491.1     0.967278
      10493.6     0.967295
      10496.0     0.967313
      10498.5     0.967330
      10501.0     0.967347
      10503.4     0.967364
      10505.9     0.967382
      10508.4     0.967399
      10510.8     0.967416
      10513.3     0.967434
      10515.8     0.967451
      10518.2     0.967468
      10520.7     0.967485
      10523.2     0.967503
      10525.6     0.967520
      10528.1     0.967537
      10530.6     0.967555
      10533.0     0.967572
      10535.5     0.967589
      10538.0     0.967606
      10540.4     0.967624
      10542.9     0.967641
      10545.4     0.967658
      10547.8     0.967676
      10550.3     0.967693
      10552.8     0.967710
      10555.2     0.967727
      10557.7     0.967745
      10560.2     0.967762
      10562.6     0.967779
      10565.1     0.967797
      10567.6     0.967814
      10570.0     0.967831
      10572.5     0.967848
      10575.0     0.967866
      10577.4     0.967883
      10579.9     0.967900
      10582.4     0.967918
      10584.8     0.967935
      10587.3     0.967952
      10589.8     0.967969
      10592.2     0.967987
      10594.7     0.968004
      10597.2     0.968021
      10599.6     0.968039
      10602.1     0.968056
      10604.6     0.968073
      10607.0     0.968090
      10609.5     0.968108
      10612.0     0.968125
      10614.4     0.968142
      10616.9     0.968160
      10619.4     0.968177
      10621.8     0.968194
      10624.3     0.968211
      10626.8     0.968229
      10629.2     0.968246
      10631.7     0.968263
      10634.2     0.968281
      10636.6     0.968298
      10639.1     0.968315
      10641.6     0.968332
      10644.0     0.968350
      10646.5     0.968367
      10649.0     0.968384
      10651.4     0.968402
      10653.9     0.968419
      10656.4     0.968436
      10658.8     0.968453
      10661.3     0.968471
      10663.8     0.968488
      10666.2     0.968505
      10668.7     0.968523
      10671.2     0.968540
      10673.6     0.968557
      10676.1     0.968574
      10678.6     0.968592
      10681.0     0.968609
      10683.5     0.968626
      10686.0     0.968644
      10688.4     0.968661
      10690.9     0.968678
      10693.4     0.968695
      10695.8     0.968713
      10698.3     0.968730
      10700.8     0.968747
      10703.2     0.968765
      10705.7     0.968782
      10708.2     0.968799
      10710.6     0.968816
      10713.1     0.968834
      10715.6     0.968851
      10718.0     0.968868
      10720.5     0.968886
      10723.0     0.968903
      10725.4     0.968920
      10727.9     0.968937
      10730.4     0.968955
      10732.8     0.968972
      10735.3     0.968989
      10737.8     0.969007
      10740.2     0.969024
      10742.7     0.969041
      10745.2     0.969058
      10747.6     0.969076
      10750.1     0.969093
      10752.6     0.969110
      10755.0     0.969128
      10757.5     0.969145
      10760.0     0.969162
      10762.4     0.969179
      10764.9     0.969197
      10767.4     0.969214
      10769.8     0.969231
      10772.3     0.969249
      10774.8     0.969266
      10777.2     0.969283
      10779.7     0.969300
      10782.2     0.969318
      10784.6     0.969335
      10787.1     0.969352
      10789.6     0.969370
      10792.0     0.969387
      10794.5     0.969404
      10797.0     0.969421
      10799.4     0.969439
      10801.9     0.969456
      10804.4     0.969473
      10806.8     0.969491
      10809.3     0.969508
      10811.8     0.969525
      10814.2     0.969542
      10816.7     0.969560
      10819.2     0.969577
      10821.6     0.969594
      10824.1     0.969612
      10826.6     0.969629
      10829.0     0.969646
      10831.5     0.969663
      10834.0     0.969681
      10836.4     0.969698
      10838.9     0.969715
      10841.4     0.969733
      10843.8     0.969750
      10846.3     0.969767
      10848.8     0.969784
      10851.2     0.969802
      10853.7     0.969819
      10856.2     0.969836
      10858.6     0.969854
      10861.1     0.969871
      10863.6     0.969888
      10866.0     0.969905
      10868.5     0.969923
      10871.0     0.969940
      10873.4     0.969957
      10875.9     0.969975
      10878.4     0.969992
      10880.8     0.970009
      10883.3     0.970026
      10885.8     0.970044
      10888.2     0.970061
      10890.7     0.970078
      10893.2     0.970096
      10895.7     0.970113
      10898.1     0.970130
      10900.6     0.970147
      10903.1     0.970165
      10905.5     0.970182
      10908.0     0.970199
      10910.5     0.970217
      10912.9     0.970234
      10915.4     0.970251
      10917.9     0.970268
      10920.3     0.970286
      10922.8     0.970303
      10925.3     0.970320
      10927.7     0.970338
      10930.2     0.970355
      10932.7     0.970372
      10935.1     0.970389
      10937.6     0.970407
      10940.1     0.970424
      10942.5     0.970441
      10945.0     0.970459
      10947.5     0.970476
      10949.9     0.970493
      10952.4     0.970510
      10954.9     0.970528
      10957.3     0.970545
      10959.8     0.970562
      10962.3     0.970580
      10964.7     0.970597
      10967.2     0.970614
      10969.7     0.970631
      10972.1     0.970649
      10974.6     0.970666
      10977.1     0.970683
      10979.5     0.970701
      10982.0     0.970718
      10984.5     0.970735
      10986.9     0.970752
      10989.4     0.970770
      10991.9     0.970787
      10994.3     0.970804
      10996.8     0.970821
      10999.3     0.970839
      11001.7     0.970856
      11004.2     0.970873
      11006.7     0.970891
      11009.1     0.970908
      11011.6     0.970925
      11014.1     0.970942
      11016.5     0.970960
      11019.0     0.970977
      11021.5     0.970994
      11023.9     0.971012
      11026.4     0.971029
      11028.9     0.971046
      11031.3     0.971063
      11033.8     0.971081
      11036.3     0.971098
      11038.7     0.971115
      11041.2     0.971133
      11043.7     0.971150
      11046.1     0.971167
      11048.6     0.971184
      11051.1     0.971202
      11053.5     0.971219
      11056.0     0.971236
      11058.5     0.971254
      11060.9     0.971271
      11063.4     0.971288
      11065.9     0.971305
      11068.3     0.971323
      11070.8     0.971340
      11073.3     0.971357
      11075.7     0.971375
      11078.2     0.971392
      11080.7     0.971409
      11083.1     0.971426
      11085.6     0.971444
      11088.1     0.971461
      11090.5     0.971478
      11093.0     0.971496
      11095.5     0.971513
      11097.9     0.971530
      11100.4     0.971547
      11102.9     0.971565
      11105.3     0.971582
      11107.8     0.971599
      11110.3     0.971617
      11112.7     0.971634
      11115.2     0.971651
      11117.7     0.971668
      11120.1     0.971686
      11122.6     0.971703
      11125.1     0.971720
      11127.5     0.971738
      11130.0     0.971755
      11132.5     0.971772
      11134.9     0.971789
      11137.4     0.971807
      11139.9     0.971824
      11142.3     0.971841
      11144.8     0.971859
      11147.3     0.971876
      11149.7     0.971893
      11152.2     0.971910
      11154.7     0.971928
      11157.1     0.971945
      11159.6     0.971962
      11162.1     0.971980
      11164.5     0.971997
      11167.0     0.972014
      11169.5     0.972031
      11171.9     0.972049
      11174.4     0.972066
      11176.9     0.972083
      11179.3     0.972101
      11181.8     0.972118
      11184.3     0.972135
      11186.7     0.972152
      11189.2     0.972170
      11191.7     0.972187
      11194.1     0.972204
      11196.6     0.972222
      11199.1     0.972239
      11201.5     0.972256
      11204.0     0.972273
      11206.5     0.972291
      11208.9     0.972308
      11211.4     0.972325
      11213.9     0.972343
      11216.3     0.972360
      11218.8     0.972377
      11221.3     0.972394
      11223.7     0.972412
      11226.2     0.972429
      11228.7     0.972446
      11231.1     0.972464
      11233.6     0.972481
      11236.1     0.972498
      11238.5     0.972515
      11241.0     0.972533
      11243.5     0.972550
      11245.9     0.972567
      11248.4     0.972585
      11250.9     0.972602
      11253.3     0.972619
      11255.8     0.972636
      11258.3     0.972654
      11260.7     0.972671
      11263.2     0.972688
      11265.7     0.972706
      11268.1     0.972723
      11270.6     0.972740