3267.93  0.1084474
3270.37  0.1059007
3272.80  0.08252405
3275.24  0.06602987
3277.67  0.05160039
3280.10  0.07793773
3282.54  0.09291372
3284.97  0.0978618
3287.40  0.1294118
3289.84  0.08511379
3292.27  0.08338574
3294.70  0.1041556
3297.14  0.09337436
3299.57  0.07822112
3302.00  0.08541408
3304.44  0.09341344
3306.87  0.07319169
3309.31  0.07395733
3311.74  0.07349826
3314.17  0.06171984
3316.61  0.09678517
3319.04  0.0782647
3321.47  0.05353038
3323.91  0.1030776
3326.34  0.05877758
3328.77  0.06861003
3331.21  0.09184267
3333.64  0.09586234
3336.07  0.072306
3338.51  0.06269611
3340.94  0.03714543
3343.38  0.05061023
3345.81  0.1039701
3348.24  0.06150396
3350.68  0.04932829
3353.11  0.07487871
3355.54  0.06626448
3357.98  0.04758682
3360.41  0.0447828
3362.84  0.08448217
3365.28  0.08759283
3367.71  0.07862356
3370.14  0.03345536
3372.58  0.06033923
3375.01  0.06047423
3377.45  0.09626211
3379.88  0.03540833
3382.31  0.04020672
3384.75  0.08032537
3387.18  0.06815925
3389.61  0.07416353
3392.05  0.08093815
3394.48  0.05501704
3396.91  0.04007827
3399.35  0.05314457
3401.78  0.02005055
3404.21  -0.008002518
3406.65  -0.0127506
3409.08  0.05618705
3411.52  0.0792615
3413.95  0.09908175
3416.38  0.08614489
3418.82  0.08589642
3421.25  0.06348474
3423.68  0.03447069
3426.12  0.03228244
3428.55  0.04977098
3430.98  0.03783444
3433.42  0.06156413
3435.85  0.06716765
3438.28  0.04638286
3440.72  0.0444159
3443.15  0.04933213
3445.59  -0.01104173
3448.02  0.05653141
3450.45  0.08935617
3452.89  0.04404296
3455.32  0.06986576
3457.75  0.06443169
3460.19  0.05018638
3462.62  0.03934038
3465.05  0.078747
3467.49  0.06170648
3469.92  0.01484233
3472.35  0.03732042
3474.79  0.05367466
3477.22  0.04721039
3479.66  0.04691318
3482.09  0.08266065
3484.52  0.05707747
3486.96  0.03936886
3489.39  0.06517123
3491.82  0.0664587
3494.26  0.06206816
3496.69  0.0418837
3499.12  0.03899738
3501.56  0.0515729
3503.99  0.08521444
3506.42  0.05095608
3508.86  0.05750588
3511.29  0.07181057
3513.73  0.04145202
3516.16  0.07440145
3518.59  0.09713216
3521.03  0.0598838
3523.46  0.06688492
3525.89  0.09481755
3528.33  0.09124991
3530.76  0.08742807
3533.19  0.05149831
3535.63  0.06460238
3538.06  0.05914556
3540.49  0.05107635
3542.93  0.05883937
3545.36  0.07997357
3547.80  0.0514757
3550.23  0.06258272
3552.66  0.09623291
3555.10  0.07685383
3557.53  0.07254001
3559.96  0.08133838
3562.40  0.08308084
3564.83  0.05786305
3567.26  0.07018799
3569.70  0.06750906
3572.13  0.08984342
3574.56  0.05122809
3577.00  0.07075858
3579.43  0.1056292
3581.87  0.1165617
3584.30  0.09428215
3586.73  0.09762373
3589.17  0.09027997
3591.60  0.08212593
3594.03  0.07486671
3596.47  0.0677425
3598.90  0.05056045
3601.33  0.08247513
3603.77  0.06101495
3606.20  0.07679588
3608.63  0.07575653
3611.07  0.070241
3613.50  0.0848522
3615.94  0.1039754
3618.37  0.09702273
3620.80  0.07253498
3623.24  0.06583171
3625.67  0.08708533
3628.10  0.09603048
3630.54  0.1254985
3632.97  0.1013827
3635.40  0.06798657
3637.84  0.08296147
3640.27  0.09651181
3642.70  0.06896029
3645.14  0.04542106
3647.57  0.06110417
3650.01  0.07674865
3652.44  0.07595
3654.87  0.1033
3657.31  0.06921671
3659.74  0.07543536
3662.17  0.06174148
3664.61  0.106157
3667.04  0.08842635
3669.47  0.08315336
3671.91  0.06773395
3674.34  0.05759132
3676.77  0.09272638
3679.21  0.06975181
3681.64  0.08933602
3684.07  0.1006354
3686.51  0.06207982
3688.94  0.06187003
3691.38  0.09331887
3693.81  0.1010779
3696.24  0.09917118
3698.68  0.07738934
3701.11  0.09347765
3703.54  0.08776712
3705.98  0.07591796
3708.41  0.08931366
3710.84  0.08863905
3713.28  0.0664074
3715.71  0.09487981
3718.14  0.1156589
3720.58  0.106704
3723.01  0.107632
3725.45  0.1136519
3727.88  0.1065238
3730.31  0.09763034
3732.75  0.08750112
3735.18  0.1135195
3737.61  0.1174766
3740.05  0.1037131
3742.48  0.08577724
3744.91  0.08607788
3747.35  0.0929879
3749.78  0.09238739
3752.21  0.08641209
3754.65  0.09665831
3757.08  0.1116367
3759.52  0.1057682
3761.95  0.09926596
3764.38  0.1100546
3766.82  0.1208161
3769.25  0.1192707
3771.68  0.1177274
3774.12  0.1248801
3776.55  0.1187328
3778.98  0.1268946
3781.42  0.1314445
3783.85  0.1240187
3786.28  0.1268404
3788.72  0.1396552
3791.15  0.1376763
3793.59  0.1388972
3796.02  0.1335005
3798.45  0.1491367
3800.89  0.1801315
3803.32  0.1596785
3805.75  0.1425207
3808.19  0.1509385
3810.62  0.1526562
3813.05  0.1660159
3815.49  0.1686612
3817.92  0.180361
3820.35  0.2050383
3822.79  0.2032011
3825.22  0.1784066
3827.66  0.1758288
3830.09  0.1920993
3832.52  0.2159994
3834.96  0.221814
3837.39  0.2173456
3839.82  0.204855
3842.26  0.2345997
3844.69  0.2301301
3847.12  0.2136736
3849.56  0.2427085
3851.99  0.2516113
3854.42  0.247896
3856.86  0.2614998
3859.29  0.2721967
3861.73  0.2925875
3864.16  0.2902592
3866.59  0.2891836
3869.03  0.2972411
3871.46  0.2865333
3873.89  0.2941397
3876.33  0.2984934
3878.76  0.309482
3881.19  0.3174809
3883.63  0.3210161
3886.06  0.342218
3888.49  0.3458475
3890.93  0.3455133
3893.36  0.3494992
3895.80  0.3519609
3898.23  0.3654427
3900.66  0.3771494
3903.10  0.3813635
3905.53  0.3820854
3907.96  0.3884138
3910.40  0.3914481
3912.83  0.3901838
3915.26  0.4098722
3917.70  0.4174612
3920.13  0.4233854
3922.56  0.4287421
3925.00  0.4333732
3927.43  0.4354315
3929.87  0.447399
3932.30  0.4474898
3934.73  0.4444817
3937.17  0.4636377
3939.60  0.4618569
3942.03  0.4555162
3944.47  0.4662887
3946.90  0.4810516
3949.33  0.4809339
3951.77  0.4963178
3954.20  0.5010615
3956.63  0.5026019
3959.07  0.5055264
3961.50  0.5066121
3963.94  0.5161555
3966.37  0.5197548
3968.80  0.5207422
3971.24  0.5279267
3973.67  0.5353504
3976.10  0.5359118
3978.54  0.5395668
3980.97  0.5457888
3983.40  0.5548763
3985.84  0.5552556
3988.27  0.5563279
3990.70  0.5612242
3993.14  0.56473
3995.57  0.5671295
3998.01  0.5693753
4000.44  0.5758662
4002.87  0.575404
4005.31  0.5756788
4007.74  0.5866439
4010.17  0.5884363
4012.61  0.5950842
4015.04  0.6016864
4017.47  0.6015503
4019.91  0.5992713
4022.34  0.5995606
4024.77  0.6073495
4027.21  0.6096116
4029.64  0.6158786
4032.08  0.6160731
4034.51  0.6263134
4036.94  0.6201202
4039.38  0.6248568
4041.81  0.6294943
4044.24  0.6321846
4046.68  0.6299057
4049.11  0.6362916
4051.54  0.6367706
4053.98  0.6392876
4056.41  0.6411765
4058.84  0.6390516
4061.28  0.6446159
4063.71  0.6472988
4066.14  0.6489219
4068.58  0.6526959
4071.01  0.6540536
4073.45  0.6571952
4075.88  0.6562512
4078.31  0.6576996
4080.75  0.6649136
4083.18  0.6610867
4085.61  0.6613277
4088.05  0.6628365
4090.48  0.6675367
4092.91  0.6718217
4095.35  0.6722931
4097.78  0.6697705
4100.21  0.6727296
4102.65  0.6744673
4105.08  0.6750513
4107.52  0.6752478
4109.95  0.6760246
4112.38  0.6802391
4114.82  0.6792482
4117.25  0.6808038
4119.68  0.6827192
4122.12  0.6821589
4124.55  0.6839038
4126.98  0.6847273
4129.42  0.6845465
4131.85  0.6850864
4134.28  0.6885635
4136.72  0.6895482
4139.15  0.6893635
4141.59  0.6889285
4144.02  0.6916628
4146.45  0.6920124
4148.89  0.6946441
4151.32  0.6935859
4153.75  0.6942456
4156.19  0.6955057
4158.62  0.6972766
4161.05  0.6981494
4163.49  0.6953689
4165.92  0.6986189
4168.35  0.6971685
4170.79  0.7001309
4173.22  0.6993771
4175.66  0.7011442
4178.09  0.7008547
4180.52  0.6987367
4182.96  0.698977
4185.39  0.697497
4187.82  0.7005603
4190.26  0.6992921
4192.69  0.6994706
4195.12  0.6999078
4197.56  0.7017385
4199.99  0.7004436
4202.42  0.7010821
4204.86  0.7023443
4207.29  0.7001026
4209.73  0.7007992
4212.16  0.7029573
4214.59  0.7055482
4217.03  0.7067849
4219.46  0.7062674
4221.89  0.70683
4224.33  0.7077923
4226.76  0.7083153
4229.19  0.7076481
4231.63  0.7086327
4234.06  0.7114119
4236.49  0.7114301
4238.93  0.7105674
4241.36  0.7110975
4243.80  0.711045
4246.23  0.7106292
4248.66  0.7140905
4251.10  0.7151782
4253.53  0.7130848
4255.96  0.7135916
4258.40  0.7152185
4260.83  0.7154242
4263.26  0.7147067
4265.70  0.7155045
4268.13  0.7153972
4270.56  0.7139398
4273.00  0.7145318
4275.43  0.7158314
4277.87  0.7146806
4280.30  0.7149794
4282.73  0.7155181
4285.17  0.7142592
4287.60  0.7157664
4290.03  0.7159985
4292.47  0.7158689
4294.90  0.714906
4297.33  0.7163013
4299.77  0.7164691
4302.20  0.7156181
4304.63  0.7147267
4307.07  0.7136801
4309.50  0.7142189
4311.94  0.7127267
4314.37  0.7123954
4316.80  0.7123664
4319.24  0.7126802
4321.67  0.7108732
4324.10  0.7118338
4326.54  0.712684
4328.97  0.712089
4331.40  0.7125099
4333.84  0.7106103
4336.27  0.7103208
4338.70  0.7104258
4341.14  0.7100213
4343.57  0.709383
4346.01  0.710273
4348.44  0.7095352
4350.87  0.7066451
4353.31  0.707945
4355.74  0.7080229
4358.17  0.7067365
4360.61  0.7056146
4363.04  0.7066366
4365.47  0.7063068
4367.91  0.7062106
4370.34  0.7055551
4372.77  0.7050973
4375.21  0.7052749
4377.64  0.7059754
4380.08  0.7052783
4382.51  0.7044555
4384.94  0.7037183
4387.38  0.7024613
4389.81  0.7025992
4392.24  0.7030566
4394.68  0.7021129
4397.11  0.7016312
4399.54  0.7016295
4401.98  0.7025576
4404.41  0.7014167
4406.84  0.6999577
4409.28  0.7002246
4411.71  0.7006934
4414.15  0.6999268
4416.58  0.6990108
4419.01  0.6989576
4421.45  0.6990045
4423.88  0.6976031
4426.31  0.6963622
4428.75  0.6967185
4431.18  0.6954153
4433.61  0.6951109
4436.05  0.6957009
4438.48  0.6948167
4440.91  0.6941257
4443.35  0.6935502
4445.78  0.6927512
4448.21  0.6922009
4450.65  0.6910236
4453.08  0.6911559
4455.52  0.6892236
4457.95  0.6878435
4460.38  0.6882062
4462.82  0.6869714
4465.25  0.6866938
4467.68  0.685721
4470.12  0.6845102
4472.55  0.682148
4474.98  0.6810306
4477.42  0.6794736
4479.85  0.6798519
4482.28  0.6781573
4484.72  0.6771507
4487.15  0.6764725
4489.59  0.6757636
4492.02  0.6741574
4494.45  0.6735908
4496.89  0.6716297
4499.32  0.6711244
4501.75  0.669656
4504.19  0.6690794
4506.62  0.6678203
4509.05  0.6654568
4511.49  0.6651296
4513.92  0.6649058
4516.35  0.6643165
4518.79  0.6633693
4521.22  0.6615099
4523.66  0.6599317
4526.09  0.659967
4528.52  0.6581907
4530.96  0.6580558
4533.39  0.6569393
4535.82  0.6555201
4538.26  0.6546714
4540.69  0.6536593
4543.12  0.6513104
4545.56  0.651407
4547.99  0.6500546
4550.42  0.6480746
4552.86  0.6472607
4555.29  0.6461559
4557.73  0.6448873
4560.16  0.6445322
4562.59  0.6432652
4565.03  0.6412771
4567.46  0.6403395
4569.89  0.6387709
4572.33  0.6365215
4574.76  0.6356255
4577.19  0.6349136
4579.63  0.6333635
4582.06  0.6318538
4584.49  0.6295752
4586.93  0.6280439
4589.36  0.6264994
4591.80  0.6251539
4594.23  0.6236302
4596.66  0.6216719
4599.10  0.6199376
4601.53  0.6187769
4603.96  0.6172928
4606.40  0.6150326
4608.83  0.6132566
4611.26  0.6116427
4613.70  0.6094847
4616.13  0.6079375
4618.56  0.6053413
4621.00  0.6025858
4623.43  0.6011028
4625.87  0.5996788
4628.30  0.5973337
4630.73  0.5943301
4633.17  0.5927284
4635.60  0.5906307
4638.03  0.5887435
4640.47  0.5871932
4642.90  0.5830912
4645.33  0.5807862
4647.77  0.5786816
4650.20  0.576285
4652.63  0.5738484
4655.07  0.5711034
4657.50  0.5683971
4659.94  0.5651665
4662.37  0.5625734
4664.80  0.5605198
4667.24  0.5575969
4669.67  0.5542249
4672.10  0.551295
4674.54  0.5482674
4676.97  0.5451339
4679.40  0.5419482
4681.84  0.538739
4684.27  0.5357453
4686.70  0.5324189
4689.14  0.5298008
4691.57  0.5259379
4694.01  0.5221048
4696.44  0.5193009
4698.87  0.5158691
4701.31  0.5123259
4703.74  0.5088787
4706.17  0.5056639
4708.61  0.5021652
4711.04  0.4990048
4713.47  0.4957231
4715.91  0.4919104
4718.34  0.487809
4720.77  0.4848182
4723.21  0.4813119
4725.64  0.4776156
4728.08  0.4740919
4730.51  0.470229
4732.94  0.4665818
4735.38  0.4634542
4737.81  0.4600726
4740.24  0.4563635
4742.68  0.4530246
4745.11  0.4498519
4747.54  0.4455685
4749.98  0.4416347
4752.41  0.438299
4754.84  0.434809
4757.28  0.4309426
4759.71  0.4276163
4762.15  0.424511
4764.58  0.4205861
4767.01  0.4169687
4769.45  0.4136976
4771.88  0.4102014
4774.31  0.4061941
4776.75  0.4019883
4779.18  0.3985629
4781.61  0.3947867
4784.05  0.390916
4786.48  0.3874795
4788.91  0.3840932
4791.35  0.3802771
4793.78  0.3770852
4796.22  0.3729969
4798.65  0.3690869
4801.08  0.365771
4803.52  0.3619365
4805.95  0.3576629
4808.38  0.3540754
4810.82  0.350403
4813.25  0.3465559
4815.68  0.3429569
4818.12  0.3393899
4820.55  0.3360796
4822.98  0.3315319
4825.42  0.3277788
4827.85  0.3243701
4830.28  0.320702
4832.72  0.3166187
4835.15  0.3130413
4837.59  0.3097622
4840.02  0.3059987
4842.45  0.3024053
4844.89  0.2988359
4847.32  0.2951689
4849.75  0.2920562
4852.19  0.2881775
4854.62  0.2843857
4857.05  0.2815119
4859.49  0.2776982
4861.92  0.2742152
4864.35  0.2707975
4866.79  0.2675954
4869.22  0.2646533
4871.66  0.2610719
4874.09  0.2578479
4876.52  0.2544737
4878.96  0.2513542
4881.39  0.2484713
4883.82  0.2456662
4886.26  0.2421469
4888.69  0.2392799
4891.12  0.2363545
4893.56  0.2328741
4895.99  0.2300093
4898.42  0.2269407
4900.86  0.2241333
4903.29  0.2212548
4905.73  0.2184566
4908.16  0.2157208
4910.59  0.2127482
4913.03  0.2098642
4915.46  0.2074043
4917.89  0.2051766
4920.33  0.2025122
4922.76  0.1995604
4925.19  0.1970242
4927.63  0.1945609
4930.06  0.1920967
4932.49  0.1900223
4934.93  0.1874793
4937.36  0.1851539
4939.80  0.1833299
4942.23  0.180994
4944.66  0.1786749
4947.10  0.1762234
4949.53  0.1742237
4951.96  0.1722828
4954.40  0.1699648
4956.83  0.1682804
4959.26  0.1664903
4961.70  0.1643615
4964.13  0.162488
4966.56  0.1606449
4969.00  0.1588013
4971.43  0.1570988
4973.87  0.1553361
4976.30  0.1534171
4978.73  0.1514868
4981.17  0.1501007
4983.60  0.1482916
4986.03  0.1463838
4988.47  0.1446077
4990.90  0.1429288
4993.33  0.1410024
4995.77  0.1391015
4998.20  0.1375294
5000.63  0.1356411
5003.07  0.1341261
5005.50  0.1323742
5007.94  0.1305968
5010.37  0.1287907
5012.80  0.1267945
5015.24  0.1250818
5017.67  0.1230131
5020.10  0.1210394
5022.54  0.1192582
5024.97  0.1172014
5027.40  0.1153125
5029.84  0.1131947
5032.27  0.111196
5034.70  0.109445
5037.14  0.1074506
5039.57  0.1055843
5042.01  0.1032694
5044.44  0.1012817
5046.87  0.0995537
5049.31  0.09767275
5051.74  0.09564944
5054.17  0.09372112
5056.61  0.09219085
5059.04  0.09020554
5061.47  0.08835504
5063.91  0.08671266
5066.34  0.0846137
5068.77  0.08297915
5071.21  0.08132444
5073.64  0.07966659
5076.08  0.07801039
5078.51  0.07631963
5080.94  0.0747847
5083.38  0.07324132
5085.81  0.07194176
5088.24  0.07059557
5090.68  0.06915687
5093.11  0.06768036
5095.54  0.06628746
5097.98  0.06514055
5100.41  0.06393438
5102.84  0.06262863
5105.28  0.06148929
5107.71  0.06024126
5110.15  0.05898326
5112.58  0.05782731
5115.01  0.05679666
5117.45  0.05556636
5119.88  0.05442241
5122.31  0.05345183
5124.75  0.05239601
5127.18  0.05138542
5129.61  0.05015855
5132.05  0.04921671
5134.48  0.0481915
5136.91  0.0470916
5139.35  0.04626762
5141.78  0.04541526
5144.22  0.04436871
5146.65  0.04338687
5149.08  0.04252775
5151.52  0.04157303
5153.95  0.0407302
5156.38  0.03973447
5158.82  0.03895372
5161.25  0.03812131
5163.68  0.03711508
5166.12  0.03630837
5168.55  0.03558395
5170.98  0.03453219
5173.42  0.03362709
5175.85  0.03313899
5178.29  0.0324045
5180.72  0.03158302
5183.15  0.03073687
5185.59  0.0299069
5188.02  0.02909605
5190.45  0.02838623
5192.89  0.02771695
5195.32  0.02692891
5197.75  0.0262927
5200.19  0.02569082
5202.62  0.02492812
5205.05  0.02426567
5207.49  0.02367585
5209.92  0.02305449
5212.36  0.02246861
5214.79  0.02187459
5217.22  0.02118604
5219.66  0.02057974
5222.09  0.02003677
5224.52  0.0194641
5226.96  0.01891917
5229.39  0.01862318
5231.82  0.01787009
5234.26  0.01717853
5236.69  0.0169394
5239.12  0.01642831
5241.56  0.01590277
5243.99  0.01548672
5246.42  0.0150688
5248.86  0.01468596
5251.29  0.01435705
5253.73  0.01387701
5256.16  0.01354953
5258.59  0.01315909
5261.03  0.01273547
5263.46  0.01245255
5265.89  0.01204831
5268.33  0.01162424
5270.76  0.01131271
5273.19  0.01109043
5275.63  0.01081154
5278.06  0.01046993
5280.49  0.01025754
5282.93  0.01000105
5285.36  0.009662244
5287.80  0.009459091
5290.23  0.009195236
5292.66  0.009019669
5295.10  0.008862772
5297.53  0.008526362
5299.96  0.008351466
5302.40  0.008219397
5304.83  0.007946749
5307.26  0.007786395
5309.70  0.007679377
5312.13  0.007442367
5314.56  0.007236818
5317.00  0.007100089
5319.43  0.00704117
5321.87  0.006939564
5324.30  0.006733454
5326.73  0.006627361
5329.17  0.006410035
5331.60  0.006233013
5334.03  0.006222108
5336.47  0.006260479
5338.90  0.006119203
5341.33  0.005889926
5343.77  0.005707896
5346.20  0.005663143
5348.63  0.00567508
5351.07  0.005515577
5353.50  0.005502009
5355.94  0.005501186
5358.37  0.005449378
5360.80  0.005396216
5363.24  0.005278436
5365.67  0.00510915
5368.10  0.005074215
5370.54  0.005049185
5372.97  0.004961686
5375.40  0.004880559
5377.84  0.004860186
5380.27  0.004802767
5382.70  0.004702842
5385.14  0.00475398
5387.57  0.004729171
5390.01  0.004615668
5392.44  0.00459748
5394.87  0.004659371
5397.31  0.004499596
5399.74  0.004529154
5402.17  0.004628689
5404.61  0.004573314
5407.04  0.004516089
5409.47  0.004479115
5411.91  0.004452731
5414.34  0.0045659
5416.77  0.004636025
5419.21  0.004552128
5421.64  0.004404761
5424.08  0.004346039
5426.51  0.004433067
5428.94  0.004502619
5431.38  0.004408211
5433.81  0.004527498
5436.24  0.004588912
5438.68  0.00456892
5441.11  0.004618559
5443.54  0.004821973
5445.98  0.004897269
5448.41  0.0045771
5450.84  0.004548618
5453.28  0.004551111
5455.71  0.004602813
5458.15  0.00463056
5460.58  0.004729633
5463.01  0.004717367
5465.45  0.004692183
5467.88  0.004907871
5470.31  0.00501852
5472.75  0.005009827
5475.18  0.00519937
5477.61  0.003356336
5480.05  0.01575545
5482.48  0.02938713
5484.91  0.004425066
5487.35  0.005374344
5489.78  0.005576604
5492.22  0.005591464
5494.65  0.00565016
5497.08  0.005805187
5499.52  0.005828997
5501.95  0.00593691
5504.38  0.005936673
5506.82  0.006181888
5509.25  0.006335789
5511.68  0.006279688
5514.12  0.006353893
5516.55  0.006600344
5518.98  0.006755584
5521.42  0.006872597
5523.85  0.007007007
5526.29  0.007151499
5528.72  0.007148435
5531.15  0.0072432
5533.59  0.007360096
5536.02  0.007481866
5538.45  0.007605396
5540.89  0.007737915
5543.32  0.007835366
5545.75  0.007993224
5548.19  0.008048957
5550.62  0.00821097
5553.05  0.008264619
5555.49  0.008256895
5557.92  0.008444692
5560.36  0.008809246
5562.79  0.008700453
5565.22  0.008778241
5567.66  0.008741709
5570.09  0.008774465
5572.52  0.008883076
5574.96  0.008919081
5577.39  0.00893787
5579.82  0.009011701
5582.26  0.009154652
5584.69  0.009083801
5587.12  0.009280921
5589.56  0.009204036
5591.99  0.009234252
5594.43  0.009278794
5596.86  0.00934055
5599.29  0.009324395
5601.73  0.009273666
5604.16  0.009273635
5606.59  0.009381893
5609.03  0.009231478
5611.46  0.009172057
5613.89  0.009173883
5616.33  0.009130217
5618.76  0.009163814
5621.19  0.009075223
5623.63  0.009000419
5626.06  0.008888569
5628.49  0.008874475
5630.93  0.008881762
5633.36  0.008726941
5635.80  0.008650956
5638.23  0.008672107
5640.66  0.0086876
5643.10  0.008583609
5645.53  0.008444406
5647.96  0.00832505
5650.40  0.008224176
5652.83  0.008156401
5655.26  0.008029182
5657.70  0.00789219
5660.13  0.00772763
5662.56  0.007581596
5665.00  0.007494038
5667.43  0.007353628
5669.87  0.007282624
5672.30  0.007145168
5674.73  0.006998084
5677.17  0.006922327
5679.60  0.006767893
5682.03  0.006571274
5684.47  0.006452689
5686.90  0.006324827
5689.33  0.006174585
5691.77  0.006118925
5694.20  0.005858812
5696.63  0.005773243
5699.07  0.005608439
5701.50  0.005429528
5703.94  0.005375424
5706.37  0.005180775
5708.80  0.005042321
5711.24  0.004926008
5713.67  0.004826589
5716.10  0.004619882
5718.54  0.004434124
5720.97  0.004363595
5723.40  0.004233443
5725.84  0.004000298
5728.27  0.003902452
5730.70  0.003819859
5733.14  0.00366644
5735.57  0.003595677
5738.01  0.003419165
5740.44  0.003266036
5742.87  0.003092304
5745.31  0.002965466
5747.74  0.002956463
5750.17  0.002849509
5752.61  0.002744364
5755.04  0.002529155
5757.47  0.002347638
5759.91  0.00232555
5762.34  0.002340649
5764.77  0.002275541
5767.21  0.002127568
5769.64  0.002074573
5772.08  0.002149816
5774.51  0.002004961
5776.94  0.001770737
5779.38  0.00170344
5781.81  0.001632859
5784.24  0.001581509
5786.68  0.001537509
5789.11  0.001466294
5791.54  0.001438512
5793.98  0.001310584
5796.41  0.001202211
5798.84  0.001195682
5801.28  0.001148385
5803.71  0.001084571
5806.15  0.001056983
5808.58  0.001017908
5811.01  8.846470E-4
5813.45  8.840516E-4
5815.88  8.661775E-4
5818.31  7.330311E-4
5820.75  8.017771E-4
5823.18  8.234790E-4
5825.61  7.732374E-4
5828.05  6.920958E-4
5830.48  5.990577E-4
5832.91  6.677978E-4
5835.35  6.566528E-4
5837.78  5.653664E-4
5840.22  5.167147E-4
5842.65  5.039076E-4
5845.08  4.895626E-4
5847.52  5.101888E-4
5849.95  5.471756E-4
5852.38  4.679659E-4
5854.82  4.226925E-4
5857.25  4.828683E-4
5859.68  4.908948E-4
5862.12  3.600222E-4
5864.55  3.470194E-4
5866.98  4.218813E-4
5869.42  3.930713E-4
5871.85  2.941219E-4
5874.29  3.624936E-4
5876.72  3.766847E-4
5879.15  3.495432E-4
5881.59  2.779856E-4
5884.02  3.025503E-4
5886.45  3.653027E-4
5888.89  3.547953E-4
5891.32  3.706742E-4
5893.75  3.576461E-4
5896.19  3.336376E-4
5898.62  2.689158E-4
5901.05  2.460639E-4
5903.49  3.124938E-4
5905.92  2.850867E-4
5908.36  3.010562E-4
5910.79  3.007258E-4
5913.22  2.789811E-4
5915.66  3.146321E-4
5918.09  1.375696E-4
5920.52  1.930166E-4
5922.96  2.220944E-4
5925.39  1.930754E-4
5927.82  2.149784E-4
5930.26  2.937576E-4
5932.69  2.871139E-4
5935.12  2.481328E-4
5937.56  1.653258E-4
5939.99  1.774053E-4
5942.43  2.459921E-4
5944.86  2.698656E-4
5947.29  3.148747E-4
5949.73  2.668959E-4
5952.16  3.040153E-4
5954.59  2.820819E-4
5957.03  2.494749E-4
5959.46  2.464379E-4
5961.89  2.385294E-4
5964.33  3.314299E-4
5966.76  2.797641E-4
5969.19  2.292113E-4
5971.63  2.668318E-4
5974.06  2.095005E-4
5976.50  1.590988E-4
5978.93  2.085674E-4
5981.36  1.960296E-4
5983.80  2.653353E-4
5986.23  2.821518E-4
5988.66  2.651085E-4
5991.10  1.937202E-4
5993.53  1.447676E-4
5995.96  1.714556E-4
5998.40  2.371974E-4
6000.83  1.875410E-4
6003.26  2.291915E-4
6005.70  2.447859E-4
6008.13  2.717930E-4
6010.56  2.205641E-4
6013.00  1.908815E-4
6015.43  2.084515E-4
6017.87  2.478122E-4
6020.30  1.662563E-4
6022.73  2.028120E-4
6025.17  2.987132E-4
6027.60  2.557626E-4
6030.03  1.542327E-4
6032.47  1.712169E-4
6034.90  1.886352E-4
6037.33  1.920071E-4
6039.77  2.479086E-4
6042.20  2.584510E-4
6044.63  2.591804E-4
6047.07  2.130157E-4
6049.50  2.346786E-4
6051.94  2.233015E-4
6054.37  1.747806E-4
6056.80  1.495620E-4
6059.24  1.600045E-4
6061.67  2.209605E-4
6064.10  1.924751E-4
6066.54  1.991358E-4
6068.97  2.471954E-4
6071.40  2.093466E-4
6073.84  2.161443E-4
6076.27  2.573353E-4
6078.70  2.490303E-4
6081.14  1.883086E-4
6083.57  2.122649E-4
6086.01  2.061182E-4
6088.44  1.659595E-4
6090.87  1.922626E-4
6093.31  1.479805E-4
6095.74  1.874494E-4
6098.17  2.042618E-4
6100.61  2.157036E-4
6103.04  2.671731E-4
6105.47  1.710440E-4
6107.91  1.584709E-4
6110.34  2.529233E-4
6112.77  2.488907E-4
6115.21  2.548358E-4
6117.64  2.915030E-4
6120.08  2.123684E-4
6122.51  1.565832E-4
6124.94  1.937540E-4
6127.38  2.127015E-4
6129.81  1.962590E-4
6132.24  2.229714E-4
6134.68  2.427767E-4
6137.11  1.808314E-4
6139.54  1.462612E-4
6141.98  2.353644E-4
6144.41  2.223073E-4
6146.84  1.865513E-4
6149.28  1.877847E-4
6151.71  1.385800E-4
6154.15  1.188831E-4
6156.58  2.138672E-4
6159.01  1.524225E-4
6161.45  1.918846E-4
6163.88  1.747723E-4
6166.31  2.062622E-4
6168.75  2.070907E-4
6171.18  1.758665E-4
6173.61  1.578324E-4
6176.05  2.024368E-4
6178.48  1.670753E-4
6180.91  1.995861E-4
6183.35  2.320355E-4
6185.78  2.079819E-4
6188.22  2.271354E-4
6190.65  1.553334E-4
6193.08  8.540446E-5
6195.52  1.476473E-4
6197.95  1.814752E-4
6200.38  2.039804E-4
6202.82  1.806623E-4
6205.25  1.374470E-4
6207.68  1.135372E-4
6210.12  1.345644E-4
6212.55  2.246139E-4
6214.98  1.735625E-4
6217.42  1.632777E-4
6219.85  1.688970E-4
6222.29  1.721153E-4
6224.72  1.744879E-4
6227.15  1.600056E-4
6229.59  1.276017E-4
6232.02  1.060246E-4
6234.45  2.094168E-4
6236.89  2.274384E-4
6239.32  9.843786E-5
6241.75  1.692843E-4
6244.19  1.953593E-4
6246.62  1.538511E-4
6249.05  1.635320E-4
6251.49  1.583776E-4
6253.92  8.396921E-5
6256.36  1.086019E-4
6258.79  1.686547E-4
6261.22  1.118567E-4
6263.66  8.058472E-5
6266.09  6.015304E-5
6268.52  1.049950E-4
6270.96  1.767534E-4
6273.39  1.442161E-4
6275.82  1.628549E-4
6278.26  2.120698E-4
6280.69  1.648714E-4
6283.12  1.315364E-4
6285.56  1.260497E-4
6287.99  1.213310E-4
6290.43  9.308435E-5
6292.86  8.795435E-5
6295.29  1.165538E-4
6297.73  1.483112E-4
6300.16  1.798512E-4
6302.59  1.128701E-4
6305.03  1.302860E-4
6307.46  1.642198E-4
6309.89  9.849529E-5
6312.33  1.045238E-4
6314.76  1.198328E-4
6317.19  9.250001E-5
6319.63  5.700459E-5
6322.06  8.153034E-5
6324.50  1.330706E-4
6326.93  1.463921E-4
6329.36  1.031482E-4
6331.80  1.304034E-4
6334.23  1.677563E-4
6336.66  1.371118E-4
6339.10  5.201498E-5
6341.53  7.058668E-5
6343.96  1.178938E-4
6346.40  9.264191E-5
6348.83  9.830992E-5
6351.26  1.048589E-4
6353.70  1.036190E-4
6356.13  1.454020E-4
6358.57  1.082975E-4
6361.00  9.575420E-5
6363.43  1.290386E-4
6365.87  1.247975E-4
6368.30  1.139539E-4
6370.73  5.941730E-5
6373.17  9.319222E-5
6375.60  1.163971E-4
6378.03  1.356870E-4
6380.47  1.314850E-4
6382.90  1.416748E-4
6385.33  1.435472E-4
6387.77  1.382564E-4
6390.20  1.076807E-4
6392.63  8.268240E-5
6395.07  1.031061E-4
6397.50  1.292876E-4
6399.94  1.467277E-4
6402.37  9.414031E-5
6404.80  9.494316E-5
6407.24  1.563695E-4
6409.67  9.044652E-5
6412.10  6.756089E-5
6414.54  1.091051E-4
6416.97  1.511533E-4
6419.40  9.205611E-5
6421.84  9.589263E-5
6424.27  1.354343E-4
6426.70  7.940789E-5
6429.14  1.156401E-4
6431.57  9.494765E-5
6434.01  1.007182E-4
6436.44  1.246376E-4
6438.87  9.480487E-5
6441.31  5.180478E-5
6443.74  9.741887E-5
6446.17  1.520649E-4
6448.61  1.057850E-4
6451.04  8.468140E-5
6453.47  1.478328E-4
6455.91  1.621452E-4
6458.34  1.068328E-4
6460.77  7.727915E-5
6463.21  1.364854E-4
6465.64  1.091470E-4
6468.08  1.157643E-4
6470.51  1.505192E-4
6472.94  1.684464E-4
6475.38  1.107322E-4
6477.81  9.658618E-5
6480.24  1.460576E-4
6482.68  1.119778E-4
6485.11  1.502819E-4
6487.54  1.061651E-4
6489.98  9.101906E-5
6492.41  1.371943E-4
6494.84  9.068071E-5
6497.28  8.331886E-5
6499.71  1.251493E-4
6502.15  8.930979E-5
6504.58  7.367884E-5
6507.01  1.525179E-4
6509.45  1.156470E-4
6511.88  8.571304E-5
6514.31  1.493492E-4
6516.75  1.315408E-4
6519.18  1.338530E-4
6521.61  1.723520E-4
6524.05  9.385736E-5
6526.48  7.669479E-5
6528.91  1.385055E-4
6531.35  1.001249E-4
6533.78  1.372190E-4
6536.22  2.144857E-4
6538.65  1.674369E-4
6541.08  9.912706E-5
6543.52  1.139165E-4
6545.95  1.080999E-4
6548.38  1.329955E-4
6550.82  1.809159E-4
6553.25  1.424831E-4
6555.68  1.268925E-4
6558.12  6.696723E-5
6560.55  1.169866E-4
6562.98  1.273667E-4
6565.42  1.662670E-4
6567.85  1.060827E-4
6570.29  1.020096E-4
6572.72  1.020626E-4
6575.15  1.269084E-4
6577.59  1.339244E-4
6580.02  1.401752E-4
6582.45  1.547478E-4
6584.89  1.491906E-4
6587.32  1.620925E-4
6589.75  1.051834E-4
6592.19  1.031080E-4
6594.62  1.175082E-4
6597.05  1.249125E-4
6599.49  9.925030E-5
6601.92  6.207875E-5
6604.36  1.108879E-4
6606.79  1.079550E-4
6609.22  1.288459E-4
6611.66  9.298517E-5
6614.09  1.366771E-4
6616.52  1.343468E-4
6618.96  1.265522E-4
6621.39  1.052186E-4
6623.82  1.140707E-4
6626.26  1.359157E-4
6628.69  1.351311E-4
6631.12  1.012353E-4
6633.56  7.384951E-5
6635.99  9.729864E-5
6638.43  9.332232E-5
6640.86  1.424907E-4
6643.29  1.505076E-4
6645.73  1.368262E-4
6648.16  1.806415E-4
6650.59  1.273959E-4
6653.03  1.101773E-4
6655.46  1.468885E-4
6657.89  1.375673E-4
6660.33  1.176350E-4
6662.76  1.479859E-4
6665.19  1.840420E-4
6667.63  1.840420E-4
6670.06  1.660752E-4
6672.50  1.420099E-4
6674.93  1.306742E-4
6677.36  1.634021E-4
6679.80  1.930182E-4
6682.23  1.637776E-4
6684.66  1.592536E-4
6687.10  1.868530E-4
6689.53  1.694536E-4
6691.96  1.567292E-4
6694.40  1.836568E-4
6696.83  1.890281E-4
6699.26  1.446679E-4
6701.70  1.087711E-4
6704.13  1.002434E-4
6706.57  1.351405E-4
6709.00  1.841597E-4
6711.43  1.600263E-4
6713.87  1.649312E-4
6716.30  1.623538E-4
6718.73  1.480369E-4
6721.17  1.537084E-4
6723.60  1.262804E-4
6726.03  1.088774E-4
6728.47  1.762672E-4
6730.90  2.022423E-4
6733.33  1.570308E-4
6735.77  1.492537E-4
6738.20  1.524763E-4
6740.64  1.775155E-4
6743.07  2.020001E-4
6745.50  1.581100E-4
6747.94  1.604344E-4
6750.37  1.655937E-4
6752.80  1.486120E-4
6755.24  1.685542E-4
6757.67  1.460333E-4
6760.10  1.620211E-4
6762.54  1.844016E-4
6764.97  1.732189E-4
6767.40  2.282780E-4
6769.84  1.843987E-4
6772.27  1.740943E-4
6774.71  1.951835E-4
6777.14  2.354558E-4
6779.57  2.278617E-4
6782.01  2.119035E-4
6784.44  2.028777E-4
6786.87  1.570501E-4
6789.31  2.025438E-4
6791.74  2.015620E-4
6794.17  2.170227E-4
6796.61  2.613204E-4
6799.04  2.235279E-4
6801.47  2.242573E-4
6803.91  2.342638E-4
6806.34  2.472852E-4
6808.77  2.558136E-4
6811.21  2.156180E-4
6813.64  2.639459E-4
6816.08  2.756797E-4
6818.51  2.310028E-4
6820.94  2.585629E-4
6823.38  2.304518E-4
6825.81  2.295997E-4
6828.24  2.308161E-4
6830.68  2.388998E-4
6833.11  2.410996E-4
6835.54  2.311281E-4
6837.98  2.911658E-4
6840.41  2.891537E-4
6842.84  2.724128E-4
6845.28  2.989094E-4
6847.71  3.119633E-4
6850.15  3.190246E-4
6852.58  3.013968E-4
6855.01  2.753857E-4
6857.45  2.876701E-4
6859.88  3.059185E-4
6862.31  2.742511E-4
6864.75  2.829781E-4
6867.18  3.117030E-4
6869.61  3.176285E-4
6872.05  3.219160E-4
6874.48  3.154239E-4
6876.91  3.370367E-4
6879.35  2.880228E-4
6881.78  3.037681E-4
6884.22  3.343469E-4
6886.65  3.085074E-4
6889.08  3.032616E-4
6891.52  3.076805E-4
6893.95  3.454803E-4
6896.38  3.314509E-4
6898.82  3.166292E-4
6901.25  2.940923E-4
6903.68  2.783649E-4
6906.12  3.169504E-4
6908.55  3.441010E-4
6910.98  3.291976E-4
6913.42  3.462979E-4
6915.85  3.336938E-4
6918.29  3.281592E-4
6920.72  3.431627E-4
6923.15  2.983345E-4
6925.59  3.393247E-4
6928.02  3.542295E-4
6930.45  3.320885E-4
6932.89  3.148463E-4
6935.32  2.839771E-4
6937.75  3.305446E-4
6940.19  3.652571E-4
6942.62  3.094784E-4
6945.05  2.934863E-4
6947.49  3.166010E-4
6949.92  3.499124E-4
6952.36  3.075656E-4
6954.79  3.034507E-4
6957.22  3.174835E-4
6959.66  2.950665E-4
6962.09  3.084620E-4
6964.52  3.250504E-4
6966.96  3.463173E-4
6969.39  3.180792E-4
6971.82  3.573132E-4
6974.26  3.412746E-4
6976.69  2.894947E-4
6979.12  3.104125E-4
6981.56  3.346006E-4
6983.99  3.194773E-4
6986.43  3.076878E-4
6988.86  3.306813E-4
6991.29  3.278547E-4
6993.73  3.103475E-4
6996.16  3.172139E-4
6998.59  3.073108E-4
7001.03  3.103209E-4
7003.46  2.999709E-4
7005.89  2.697516E-4
7008.33  2.684263E-4
7010.76  2.816938E-4
7013.19  2.959374E-4
7015.63  2.763874E-4
7018.06  2.875532E-4
7020.50  2.992123E-4
7022.93  2.781823E-4
7025.36  3.064967E-4
7027.80  2.882131E-4
7030.23  2.513984E-4
7032.66  2.882316E-4
7035.10  2.918092E-4
7037.53  2.610148E-4
7039.96  2.554614E-4
7042.40  2.612122E-4
7044.83  2.902631E-4
7047.26  2.751160E-4
7049.70  2.441717E-4
7052.13  2.668957E-4
7054.57  2.813676E-4
7057.00  2.498823E-4
7059.43  2.398360E-4
7061.87  2.427123E-4
7064.30  2.500154E-4
7066.73  2.450782E-4
7069.17  2.734001E-4
7071.60  2.174970E-4
7074.03  2.318710E-4
7076.47  2.408969E-4
7078.90  2.473395E-4
7081.33  2.376044E-4
7083.77  2.361509E-4
7086.20  2.296490E-4
7088.64  2.164182E-4
7091.07  2.432456E-4
7093.50  2.292159E-4
7095.94  2.330899E-4
7098.37  2.168627E-4
7100.80  2.172701E-4
7103.24  2.271997E-4
7105.67  2.019345E-4
7108.10  1.953067E-4
7110.54  2.074419E-4
7112.97  1.863982E-4
7115.40  2.106553E-4
7117.84  2.188505E-4
7120.27  1.889054E-4
7122.71  1.929857E-4
7125.14  2.055250E-4
7127.57  1.693679E-4
7130.01  1.704762E-4
7132.44  1.887043E-4
7134.87  1.685655E-4
7137.31  1.721373E-4
7139.74  1.892228E-4
7142.17  1.553463E-4
7144.61  1.384715E-4
7147.04  1.684297E-4
7149.47  1.879931E-4
7151.91  1.922970E-4
7154.34  1.812923E-4
7156.78  1.824698E-4
7159.21  1.704777E-4
7161.64  1.282351E-4
7164.08  1.302272E-4
7166.51  1.364808E-4
7168.94  1.336698E-4
7171.38  1.622453E-4
7173.81  1.613159E-4
7176.24  1.797698E-4
7178.68  1.661009E-4
7181.11  1.322077E-4
7183.54  1.505083E-4
7185.98  1.170616E-4
7188.41  1.502919E-4
7190.84  1.936912E-4
7193.28  1.625754E-4
7195.71  1.830094E-4
7198.15  1.707435E-4
7200.58  1.485311E-4
7203.01  1.116779E-4
7205.45  1.209994E-4
7207.88  1.631002E-4
7210.31  1.419036E-4
7212.75  1.637530E-4
7215.18  1.537812E-4
7217.61  1.309584E-4
7220.05  1.416115E-4
7222.48  1.263073E-4
7224.91  1.466298E-4
7227.35  1.569683E-4
7229.78  1.543100E-4
7232.22  1.362246E-4
7234.65  1.352941E-4
7237.08  1.482802E-4
7239.52  1.472271E-4
7241.95  9.832283E-5
7244.38  1.444833E-4
7246.82  1.698772E-4
7249.25  1.163319E-4
7251.68  1.356244E-4
7254.12  8.521494E-5
7256.55  8.514214E-5
7258.98  1.221951E-4
7261.42  1.560069E-4
7263.85  1.425969E-4
7266.29  1.078065E-4
7268.72  1.367357E-4
7271.15  1.175509E-4
7273.59  1.044769E-4
7276.02  1.058590E-4
7278.45  1.429594E-4
7280.89  9.600351E-5
7283.32  1.097424E-4
7285.75  1.062032E-4
7288.19  1.038712E-4
7290.62  9.239169E-5
7293.05  1.051479E-4
7295.49  1.122786E-4
7297.92  1.018153E-4
7300.36  1.361852E-4
7302.79  1.458770E-4
7305.22  8.521029E-5
7307.66  8.534608E-5
7310.09  9.717674E-5
7312.52  8.398837E-5
7314.96  1.266160E-4
7317.39  1.135418E-4
7319.82  9.347215E-5
7322.26  9.433030E-5
7324.69  1.178960E-4
7327.12  1.095394E-4
7329.56  6.833874E-5
7331.99  8.056733E-5
7334.43  8.361032E-5
7336.86  8.011137E-5
7339.29  1.016421E-4
7341.73  1.143283E-4
7344.16  1.136383E-4
7346.59  1.159080E-4
7349.03  1.232486E-4
7351.46  1.061935E-4
7353.89  9.570505E-5
7356.33  7.872400E-5
7358.76  6.181802E-5
7361.19  9.441551E-5
7363.63  1.156520E-4
7366.06  1.054243E-4
7368.50  5.442171E-5
7370.93  7.798209E-5
7373.36  1.001712E-4
7375.80  5.433463E-5
7378.23  8.694250E-5
7380.66  1.034926E-4
7383.10  5.237048E-5
7385.53  5.476997E-5
7387.96  8.517531E-5
7390.40  8.082006E-5
7392.83  6.092356E-5
7395.26  7.698403E-5
7397.70  7.118481E-5
7400.13  8.291391E-5
7402.57  5.768281E-5
7405.00  7.839349E-5
7407.43  1.009971E-4
7409.87  1.037152E-4
7412.30  9.326683E-5
7414.73  9.284420E-5
7417.17  1.172026E-4
7419.60  9.953672E-5
7422.03  7.665594E-5
7424.47  1.065220E-4
7426.90  1.004774E-4
7429.33  4.309369E-5
7431.77  3.100413E-5
7434.20  9.306200E-5
7436.64  8.787712E-5
7439.07  5.852711E-5
7441.50  5.898232E-5
7443.94  7.747125E-5
7446.37  9.706603E-5
7448.80  9.723929E-5
7451.24  8.733767E-5
7453.67  8.968636E-5
7456.10  3.804627E-5
7458.54  6.916586E-5
7460.97  9.726091E-5
7463.40  6.008000E-5
7465.84  3.919910E-5
7468.27  4.580933E-5
7470.71  5.458462E-5
7473.14  6.529743E-5
7475.57  8.042336E-5
7478.01  8.864371E-5
7480.44  7.010571E-5
7482.87  8.827976E-5
7485.31  6.882621E-5
7487.74  5.991393E-5
7490.17  6.703434E-5
7492.61  4.205870E-5
7495.04  4.234003E-5
7497.47  8.281276E-5
7499.91  1.170110E-4
7502.34  1.064354E-4
7504.78  5.538132E-5
7507.21  2.928157E-5
7509.64  7.865389E-5
7512.08  8.701563E-5
7514.51  5.542077E-5
7516.94  4.621828E-5
7519.38  6.024072E-5
7521.81  5.556752E-5
7524.24  1.383125E-5
7526.68  1.949187E-5
7529.11  6.343590E-5
7531.54  1.083302E-4
7533.98  5.458835E-5
7536.41  2.012546E-5
7538.85  4.281523E-5
7541.28  8.093509E-5
7543.71  1.033680E-4
7546.15  7.270485E-5
7548.58  6.483754E-5
7551.01  7.478582E-5
7553.45  9.110463E-5
7555.88  7.918316E-5
7558.31  3.617086E-5
7560.75  4.744582E-5
7563.18  7.703702E-5
7565.61  4.659699E-5
7568.05  2.765471E-5
7570.48  7.749871E-5
7572.91  5.755588E-5
7575.35  7.838858E-5
7577.78  6.766112E-5
7580.22  7.042095E-5
7582.65  3.169535E-5
7585.08  5.196943E-5
7587.52  4.604209E-5
7589.95  5.857865E-5
7592.38  6.390231E-5
7594.82  3.146151E-5
7597.25  6.214380E-5
7599.68  6.494633E-5
7602.12  2.451318E-5
7604.55  3.297181E-5
7606.98  5.397467E-5
7609.42  5.536768E-5
7611.85  4.662209E-5
7614.29  1.245289E-5
7616.72  2.281302E-5
7619.15  5.658176E-5
7621.59  9.685648E-5
7624.02  8.147165E-5
7626.45  5.270657E-5
7628.89  3.135183E-5
7631.32  3.052710E-5
7633.75  6.370639E-5
7636.19  5.863436E-5
7638.62  7.307988E-5
7641.05  5.257443E-5
7643.49  4.631068E-5
7645.92  6.454354E-5
7648.36  6.151599E-5
7650.79  4.622621E-5
7653.22  5.662989E-5
7655.66  6.177072E-5
7658.09  5.786476E-5
7660.52  5.772321E-5
7662.96  7.588509E-5
7665.39  7.535137E-5
7667.82  6.723234E-5
7670.26  9.313503E-5
7672.69  5.143148E-5
7675.12  6.226431E-5
7677.56  7.212125E-5
7679.99  6.091816E-5
7682.43  6.675888E-5
7684.86  6.668217E-5
7687.29  6.738329E-5
7689.73  7.390080E-5
7692.16  4.871768E-5
7694.59  5.886921E-5
7697.03  8.478382E-5
7699.46  3.925615E-5
7701.89  8.189267E-5
7704.33  8.857559E-5
7706.76  5.249703E-5
7709.19  6.113271E-5
7711.63  7.970095E-5
7714.06  8.607822E-5
7716.50  8.193238E-5
7718.93  5.274290E-5
7721.36  5.521087E-5
7723.80  1.169599E-4
7726.23  7.507992E-5
7728.66  6.455350E-5
7731.10  7.770774E-5
7733.53  7.467188E-5
7735.96  9.522915E-5
7738.40  6.860941E-5
7740.83  2.774127E-5
7743.26  2.856999E-5
7745.70  7.173850E-5
7748.13  5.361234E-5
7750.57  4.998782E-5
7753.00  6.626243E-5
7755.43  7.054062E-5
7757.87  6.147211E-5
7760.30  1.013312E-4
7762.73  7.285168E-5
7765.17  7.998502E-5
7767.60  6.530885E-5
7770.03  1.137191E-4
7772.47  1.299420E-4
7774.90  1.234511E-4
7777.33  7.349378E-5
7779.77  9.083970E-5
7782.20  9.283837E-5
7784.64  1.111852E-4
7787.07  7.209677E-5
7789.50  5.347226E-5
7791.94  1.449164E-4
7794.37  1.056330E-4
7796.80  7.881903E-5
7799.24  1.048568E-4
7801.67  9.789145E-5
7804.10  8.671136E-5
7806.54  8.784867E-5
7808.97  1.067521E-4
7811.40  7.032948E-5
7813.84  5.716408E-5
7816.27  9.223365E-5
7818.71  1.228356E-4
7821.14  1.260837E-4
7823.57  8.226556E-5
7826.01  6.691369E-5
7828.44  1.156994E-4
7830.87  1.139689E-4
7833.31  9.495850E-5
7835.74  1.387313E-4
7838.17  1.008665E-4
7840.61  8.561356E-5
7843.04  1.059037E-4
7845.47  6.827094E-5
7847.91  6.006226E-5
7850.34  1.066785E-4
7852.78  7.612115E-5
7855.21  8.329500E-5
7857.64  1.020847E-4
7860.08  1.144952E-4
7862.51  1.479522E-4
7864.94  1.462349E-4
7867.38  1.461387E-4
7869.81  1.559182E-4
7872.24  1.466301E-4
7874.68  9.325663E-5
7877.11  9.812808E-5
7879.54  7.971980E-5
7881.98  9.935958E-5
7884.41  1.095589E-4
7886.85  1.642352E-4
7889.28  1.112807E-4
7891.71  1.070836E-4
7894.15  1.585963E-4
7896.58  1.400403E-4
7899.01  1.146314E-4
7901.45  7.430751E-5
7903.88  1.192451E-4
7906.31  1.237893E-4
7908.75  1.680477E-4
7911.18  1.126502E-4
7913.61  1.152986E-4
7916.05  1.626635E-4
7918.48  1.778744E-4
7920.92  1.425845E-4
7923.35  1.306428E-4
7925.78  7.023427E-5
7928.22  1.438838E-4
7930.65  1.772329E-4
7933.08  1.399040E-4
7935.52  1.985062E-4
7937.95  1.711213E-4
7940.38  1.542111E-4
7942.82  1.610171E-4
7945.25  1.612457E-4
7947.68  1.291507E-4
7950.12  1.230085E-4
7952.55  1.255476E-4
7954.98  1.694621E-4
7957.42  1.628399E-4
7959.85  1.761926E-4
7962.29  1.599517E-4
7964.72  1.891771E-4
7967.15  2.118941E-4
7969.59  1.974560E-4
7972.02  1.449734E-4
7974.45  1.987420E-4
7976.89  2.210334E-4
7979.32  1.937495E-4
7981.75  2.087104E-4
7984.19  1.922361E-4
7986.62  2.308103E-4
7989.05  2.430926E-4
7991.49  2.007105E-4
7993.92  2.112941E-4
7996.36  2.230664E-4
7998.79  1.871495E-4
8001.22  1.782844E-4
8003.66  1.921647E-4
8006.09  2.284585E-4
8008.52  2.825591E-4
8010.96  2.360764E-4
8013.39  1.981506E-4
8015.82  2.485753E-4
8018.26  2.753504E-4
8020.69  2.684442E-4
8023.12  2.372103E-4
8025.56  2.595251E-4
8027.99  2.402997E-4
8030.43  2.507214E-4
8032.86  2.924319E-4
8035.29  3.152131E-4
8037.73  2.170297E-4
8040.16  2.594590E-4
8042.59  2.538752E-4
8045.03  2.519853E-4
8047.46  2.750335E-4
8049.89  2.916205E-4
8052.33  2.567939E-4
8054.76  3.019770E-4
8057.19  3.248695E-4
8059.63  3.106651E-4
8062.06  2.630971E-4
8064.50  2.447718E-4
8066.93  2.873923E-4
8069.36  2.971664E-4
8071.80  2.736577E-4
8074.23  2.582475E-4
8076.66  3.047747E-4
8079.10  3.697872E-4
8081.53  3.166896E-4
8083.96  3.010608E-4
8086.40  3.514808E-4
8088.83  3.502570E-4
8091.26  3.176177E-4
8093.70  3.655563E-4
8096.13  3.415112E-4
8098.57  3.586605E-4
8101.00  3.718018E-4
8103.43  3.430871E-4
8105.87  3.133970E-4
8108.30  3.282513E-4
8110.73  3.546946E-4
8113.17  3.144321E-4
8115.60  3.499213E-4
8118.03  3.712028E-4
8120.47  3.980659E-4
8122.90  3.660185E-4
8125.33  3.874749E-4
8127.77  3.731082E-4
8130.20  3.374786E-4
8132.64  3.726550E-4
8135.07  3.569798E-4
8137.50  3.177921E-4
8139.94  3.462588E-4
8142.37  3.874784E-4
8144.80  3.653577E-4
8147.24  3.745653E-4
8149.67  4.131087E-4
8152.10  3.959702E-4
8154.54  3.679688E-4
8156.97  3.634930E-4
8159.40  3.983123E-4
8161.84  4.065288E-4
8164.27  3.880777E-4
8166.71  3.763122E-4
8169.14  3.790852E-4
8171.57  4.361371E-4
8174.01  4.364417E-4
8176.44  4.013906E-4
8178.87  3.950686E-4
8181.31  3.962442E-4
8183.74  4.197911E-4
8186.17  4.605490E-4
8188.61  4.577998E-4
8191.04  3.702107E-4
8193.47  3.878268E-4
8195.91  4.081738E-4
8198.34  3.895148E-4
8200.78  3.900228E-4
8203.21  4.055005E-4
8205.64  4.378585E-4
8208.08  4.385102E-4
8210.51  4.410148E-4
8212.94  4.494697E-4
8215.38  4.453203E-4
8217.81  4.045456E-4
8220.24  4.551444E-4
8222.68  5.032618E-4
8225.11  4.574318E-4
8227.54  5.333000E-4
8229.98  4.761165E-4
8232.41  4.630865E-4
8234.85  4.228371E-4
8237.28  4.739350E-4
8239.71  4.621163E-4
8242.15  4.715519E-4
8244.58  5.165272E-4
8247.01  4.615198E-4
8249.45  4.879269E-4
