Wave (AA)      Relative Transm
      6715.00  5.24971e-06
      6720.00  1.41677e-05
      6725.00  1.20588e-05
      6730.00  3.82633e-05
      6735.00  1.88827e-05
      6740.00  4.10895e-05
      6745.00  3.32408e-05
      6750.00  5.42793e-05
      6755.00  5.71404e-05
      6760.00  7.54491e-05
      6765.00  8.86258e-05
      6770.00  0.000100771
      6775.00  0.000121946
      6780.00  0.000156697
      6785.00  0.000168951
      6790.00  0.000203663
      6795.00  0.000228671
      6800.00  0.000277237
      6805.00  0.000350513
      6810.00  0.000414864
      6815.00  0.000506707
      6820.00  0.000590291
      6825.00  0.000707733
      6830.00  0.000828727
      6835.00   0.00100172
      6840.00   0.00120237
      6845.00   0.00143755
      6850.00   0.00167207
      6855.00   0.00198964
      6860.00   0.00233516
      6865.00   0.00275165
      6870.00   0.00322713
      6875.00   0.00378914
      6880.00   0.00444470
      6885.00   0.00517479
      6890.00   0.00603555
      6895.00   0.00703260
      6900.00   0.00815261
      6905.00   0.00943506
      6910.00    0.0108993
      6915.00    0.0125726
      6920.00    0.0144753
      6925.00    0.0165800
      6930.00    0.0190092
      6935.00    0.0217540
      6940.00    0.0247025
      6945.00    0.0280968
      6950.00    0.0317781
      6955.00    0.0358585
      6960.00    0.0404464
      6965.00    0.0453763
      6970.00    0.0508420
      6975.00    0.0568555
      6980.00    0.0633418
      6985.00    0.0703926
      6990.00    0.0777951
      6995.00    0.0858728
      7000.00    0.0944813
      7005.00     0.103406
      7010.00     0.113143
      7015.00     0.123601
      7020.00     0.134523
      7025.00     0.146083
      7030.00     0.158285
      7035.00     0.170882
      7040.00     0.184178
      7045.00     0.197544
      7050.00     0.211685
      7055.00     0.226636
      7060.00     0.241571
      7065.00     0.257154
      7070.00     0.272999
      7075.00     0.289202
      7080.00     0.305393
      7085.00     0.321639
      7090.00     0.338276
      7095.00     0.355351
      7100.00     0.371891
      7105.00     0.388778
      7110.00     0.405588
      7115.00     0.422421
      7120.00     0.439238
      7125.00     0.455763
      7130.00     0.472343
      7135.00     0.488963
      7140.00     0.504646
      7145.00     0.520552
      7150.00     0.536184
      7155.00     0.551155
      7160.00     0.566517
      7165.00     0.580956
      7170.00     0.595440
      7175.00     0.609224
      7180.00     0.622639
      7185.00     0.635738
      7190.00     0.648584
      7195.00     0.660882
      7200.00     0.673081
      7205.00     0.684609
      7210.00     0.695370
      7215.00     0.706204
      7220.00     0.716060
      7225.00     0.726008
      7230.00     0.735802
      7235.00     0.745051
      7240.00     0.754046
      7245.00     0.762483
      7250.00     0.770771
      7255.00     0.778807
      7260.00     0.786445
      7265.00     0.794005
      7270.00     0.801246
      7275.00     0.807792
      7280.00     0.814794
      7285.00     0.821207
      7290.00     0.827487
      7295.00     0.833417
      7300.00     0.839052
      7305.00     0.844666
      7310.00     0.849933
      7315.00     0.854778
      7320.00     0.860131
      7325.00     0.864546
      7330.00     0.869074
      7335.00     0.873712
      7340.00     0.877729
      7345.00     0.882314
      7350.00     0.885671
      7355.00     0.889450
      7360.00     0.893465
      7365.00     0.896569
      7370.00     0.900162
      7375.00     0.903606
      7380.00     0.906302
      7385.00     0.909195
      7390.00     0.911958
      7395.00     0.914780
      7400.00     0.917356
      7405.00     0.919517
      7410.00     0.921697
      7415.00     0.923824
      7420.00     0.925986
      7425.00     0.927510
      7430.00     0.929162
      7435.00     0.931172
      7440.00     0.932612
      7445.00     0.934205
      7450.00     0.935554
      7455.00     0.936559
      7460.00     0.937725
      7465.00     0.938778
      7470.00     0.940105
      7475.00     0.940965
      7480.00     0.941247
      7485.00     0.942604
      7490.00     0.942989
      7495.00     0.943799
      7500.00     0.944327
      7505.00     0.945296
      7510.00     0.945745
      7515.00     0.946215
      7520.00     0.946731
      7525.00     0.947302
      7530.00     0.947544
      7535.00     0.948324
      7540.00     0.948636
      7545.00     0.948865
      7550.00     0.949508
      7555.00     0.949761
      7560.00     0.950504
      7565.00     0.950359
      7570.00     0.950900
      7575.00     0.951248
      7580.00     0.951798
      7585.00     0.952662
      7590.00     0.952838
      7595.00     0.953064
      7600.00     0.953718
      7605.00     0.954235
      7610.00     0.954679
      7615.00     0.954981
      7620.00     0.955408
      7625.00     0.956293
      7630.00     0.956949
      7635.00     0.957552
      7640.00     0.958012
      7645.00     0.958334
      7650.00     0.958546
      7655.00     0.959054
      7660.00     0.959360
      7665.00     0.960255
      7670.00     0.960513
      7675.00     0.961349
      7680.00     0.961636
      7685.00     0.962049
      7690.00     0.962688
      7695.00     0.962711
      7700.00     0.963377
      7705.00     0.963420
      7710.00     0.963676
      7715.00     0.964021
      7720.00     0.964044
      7725.00     0.964547
      7730.00     0.964893
      7735.00     0.965002
      7740.00     0.965602
      7745.00     0.965482
      7750.00     0.965965
      7755.00     0.966425
      7760.00     0.966291
      7765.00     0.966640
      7770.00     0.966576
      7775.00     0.966867
      7780.00     0.966920
      7785.00     0.966667
      7790.00     0.967021
      7795.00     0.966938
      7800.00     0.966972
      7805.00     0.966857
      7810.00     0.967090
      7815.00     0.967237
      7820.00     0.967014
      7825.00     0.967407
      7830.00     0.967371
      7835.00     0.967261
      7840.00     0.967445
      7845.00     0.967177
      7850.00     0.967595
      7855.00     0.967042
      7860.00     0.967194
      7865.00     0.967338
      7870.00     0.967065
      7875.00     0.967367
      7880.00     0.967431
      7885.00     0.967431
      7890.00     0.967710
      7895.00     0.967290
      7900.00     0.967275
      7905.00     0.967570
      7910.00     0.967662
      7915.00     0.967471
      7920.00     0.967798
      7925.00     0.967678
      7930.00     0.967954
      7935.00     0.967548
      7940.00     0.967609
      7945.00     0.967329
      7950.00     0.967844
      7955.00     0.967995
      7960.00     0.968060
      7965.00     0.967733
      7970.00     0.967585
      7975.00     0.967828
      7980.00     0.967975
      7985.00     0.968051
      7990.00     0.967738
      7995.00     0.967643
      8000.00     0.967812
      8005.00     0.967839
      8010.00     0.967230
      8015.00     0.967521
      8020.00     0.967838
      8025.00     0.967545
      8030.00     0.967415
      8035.00     0.967693
      8040.00     0.967440
      8045.00     0.967277
      8050.00     0.967343
      8055.00     0.967161
      8060.00     0.967097
      8065.00     0.967383
      8070.00     0.966559
      8075.00     0.967041
      8080.00     0.966770
      8085.00     0.966982
      8090.00     0.967026
      8095.00     0.966912
      8100.00     0.966853
      8105.00     0.966675
      8110.00     0.966556
      8115.00     0.966749
      8120.00     0.966663
      8125.00     0.966196
      8130.00     0.966626
      8135.00     0.966302
      8140.00     0.966437
      8145.00     0.966216
      8150.00     0.966421
      8155.00     0.966393
      8160.00     0.966100
      8165.00     0.966323
      8170.00     0.966482
      8175.00     0.965858
      8180.00     0.966437
      8185.00     0.965974
      8190.00     0.966072
      8195.00     0.965753
      8200.00     0.966183
      8205.00     0.965885
      8210.00     0.966314
      8215.00     0.966624
      8220.00     0.966303
      8225.00     0.966617
      8230.00     0.966294
      8235.00     0.965950
      8240.00     0.966141
      8245.00     0.966360
      8250.00     0.966683
      8255.00     0.966939
      8260.00     0.966357
      8265.00     0.966794
      8270.00     0.966791
      8275.00     0.967105
      8280.00     0.967295
      8285.00     0.966953
      8290.00     0.967295
      8295.00     0.966805
      8300.00     0.967364
      8305.00     0.966645
      8310.00     0.966959
      8315.00     0.967167
      8320.00     0.967646
      8325.00     0.967237
      8330.00     0.967474
      8335.00     0.967429
      8340.00     0.966275
      8345.00     0.966664
      8350.00     0.966564
      8355.00     0.966074
      8360.00     0.965959
      8365.00     0.965656
      8370.00     0.965242
      8375.00     0.965619
      8380.00     0.964654
      8385.00     0.965194
      8390.00     0.964370
      8395.00     0.964309
      8400.00     0.963078
      8405.00     0.962194
      8410.00     0.962712
      8415.00     0.961364
      8420.00     0.961261
      8425.00     0.961664
      8430.00     0.960942
      8435.00     0.961859
      8440.00     0.960861
      8445.00     0.961135
      8450.00     0.960088
      8455.00     0.960958
      8460.00     0.961008
      8465.00     0.960310
      8470.00     0.960190
      8475.00     0.960441
      8480.00     0.959893
      8485.00     0.960443
      8490.00     0.960562
      8495.00     0.961955
      8500.00     0.961767
      8505.00     0.960748
      8510.00     0.962360
      8515.00     0.961677
      8520.00     0.961632
      8525.00     0.962804
      8530.00     0.963216
      8535.00     0.963620
      8540.00     0.962908
      8545.00     0.963755
      8550.00     0.965449
      8555.00     0.963440
      8560.00     0.963593
      8565.00     0.963341
      8570.00     0.963346
      8575.00     0.963466
      8580.00     0.962150
      8585.00     0.960302
      8590.00     0.960014
      8595.00     0.958427
      8600.00     0.958055
      8605.00     0.956836
      8610.00     0.955415
      8615.00     0.953548
      8620.00     0.951678
      8625.00     0.950515
      8630.00     0.946415
      8635.00     0.943375
      8640.00     0.941542
      8645.00     0.939391
      8650.00     0.936259
      8655.00     0.934175
      8660.00     0.931745
      8665.00     0.929472
      8670.00     0.926644
      8675.00     0.923556
      8680.00     0.923053
      8685.00     0.921578
      8690.00     0.918950
      8695.00     0.918544
      8700.00     0.918653
      8705.00     0.916483
      8710.00     0.913564
      8715.00     0.913991
      8720.00     0.910389
      8725.00     0.908605
      8730.00     0.901774
      8735.00     0.900561
      8740.00     0.891475
      8745.00     0.882641
      8750.00     0.870657
      8755.00     0.854071
      8760.00     0.836413
      8765.00     0.813046
      8770.00     0.783581
      8775.00     0.748969
      8780.00     0.712979
      8785.00     0.675247
      8790.00     0.629349
      8795.00     0.581464
      8800.00     0.534375
      8805.00     0.486554
      8810.00     0.442026
      8815.00     0.394335
      8820.00     0.353969
      8825.00     0.311456
      8830.00     0.276248
      8835.00     0.245285
      8840.00     0.213463
      8845.00     0.187059
      8850.00     0.162870
      8855.00     0.143453
      8860.00     0.125328
      8865.00     0.109148
      8870.00    0.0947836
      8875.00    0.0835804
      8880.00    0.0729569
      8885.00    0.0632585
      8890.00    0.0560939
      8895.00    0.0489176
      8900.00    0.0429144
      8905.00    0.0379961
      8910.00    0.0333269
      8915.00    0.0296268
      8920.00    0.0258133
      8925.00    0.0235281
      8930.00    0.0208390
      8935.00    0.0183072
      8940.00    0.0168614
      8945.00    0.0149930
      8950.00    0.0128464
      8955.00    0.0112598
      8960.00    0.0103587
      8965.00   0.00925002
      8970.00   0.00808262
      8975.00   0.00800170
      8980.00   0.00661238
      8985.00   0.00573928
      8990.00   0.00509322
      8995.00   0.00552489
      9000.00   0.00499826
      9005.00   0.00457137
      9010.00   0.00427091
      9015.00   0.00382929
      9020.00   0.00347213
      9025.00   0.00324484
      9030.00   0.00292504
      9035.00   0.00269158
      9040.00   0.00248106
      9045.00   0.00233813
      9050.00   0.00213737
      9055.00   0.00196368
      9060.00   0.00180168
      9065.00   0.00173641
      9070.00   0.00160022
      9075.00   0.00144948
      9080.00   0.00141630
      9085.00   0.00135528
      9090.00   0.00120608
      9095.00   0.00111776
      9100.00   0.00111085
      9105.00   0.00105856
      9110.00  0.000989025
      9115.00  0.000916821
      9120.00  0.000836510
      9125.00  0.000846122
      9130.00  0.000790160
      9135.00  0.000742761
      9140.00  0.000749098
      9145.00  0.000692281
      9150.00  0.000639925
      9155.00  0.000628550
      9160.00  0.000681973
      9165.00  0.000579495
      9170.00  0.000560493
      9175.00  0.000554113
      9180.00  0.000529814
      9185.00  0.000505451
      9190.00  0.000509444
      9195.00  0.000507628
      9200.00  0.000446753
      9205.00  0.000460333
      9210.00  0.000442360
      9215.00  0.000430018
      9220.00  0.000445487
      9225.00  0.000452751
      9230.00  0.000423768
      9235.00  0.000367648
      9240.00  0.000376269
      9245.00  0.000389198
      9250.00  0.000377620
      9255.00  0.000364918
      9260.00  0.000389364
      9265.00  0.000356076
      9270.00  0.000355477
      9275.00  0.000371682
      9280.00  0.000373377
      9285.00  0.000338364
      9290.00  0.000319028
      9295.00  0.000347976
      9300.00  0.000367930
      9305.00  0.000336561
      9310.00  0.000323841
      9315.00  0.000318143
      9320.00  0.000339222
      9325.00  0.000333618
      9330.00  0.000315884
      9335.00  0.000328889
      9340.00  0.000347198
      9345.00  0.000277750
      9350.00  0.000276219
      9355.00  0.000334697
      9360.00  0.000325432
      9365.00  0.000265692
      9370.00  0.000272944
      9375.00  0.000356389
      9380.00  0.000307713
      9385.00  0.000338595
      9390.00  0.000307132
      9395.00  0.000292021
      9400.00  0.000323143
      9405.00  0.000309222
      9410.00  0.000287503
      9415.00  0.000316855
      9420.00  0.000308677
      9425.00  0.000264307
      9430.00  0.000290408
      9435.00  0.000306137
      9440.00  0.000265146
      9445.00  0.000251324
      9450.00  0.000319781
      9455.00  0.000268019
      9460.00  0.000309740
      9465.00  0.000275838
      9470.00  0.000285717
      9475.00  0.000322027
      9480.00  0.000247307
      9485.00  0.000256041
      9490.00  0.000287408
      9495.00  0.000268849
      9500.00  0.000246809
      9505.00  0.000314170
      9510.00  0.000276142
      9515.00  0.000241253
      9520.00  0.000282043
      9525.00  0.000300073
      9530.00  0.000284217
      9535.00  0.000247390
      9540.00  0.000302959
      9545.00  0.000285079
      9550.00  0.000267240
      9555.00  0.000251200
      9560.00  0.000295846
      9565.00  0.000250642
      9570.00  0.000253934
      9575.00  0.000320337
      9580.00  0.000290211
      9585.00  0.000262003
      9590.00  0.000300841
      9595.00  0.000316602
      9600.00  0.000287732
      9605.00  0.000213052
      9610.00  0.000281060
      9615.00  0.000294020
      9620.00  0.000268591
      9625.00  0.000245573
      9630.00  0.000327973
      9635.00  0.000261597
      9640.00  0.000310935
      9645.00  0.000273466
      9650.00  0.000262434
      9655.00  0.000299320
      9660.00  0.000304631
      9665.00  0.000291884
      9670.00  0.000282645
      9675.00  0.000278375
      9680.00  0.000249085
      9685.00  0.000263286
      9690.00  0.000308045
      9695.00  0.000260366
      9700.00  0.000240625
      9705.00  0.000268818
      9710.00  0.000294603
      9715.00  0.000245778
      9720.00  0.000292369
      9725.00  0.000275590
      9730.00  0.000267920
      9735.00  0.000269089
      9740.00  0.000251464
      9745.00  0.000250476
      9750.00  0.000268795
      9755.00  0.000268434
      9760.00  0.000249774
      9765.00  0.000284792
      9770.00  0.000273018
      9775.00  0.000260641
      9780.00  0.000247638
      9785.00  0.000278818
      9790.00  0.000276200
      9795.00  0.000238992
      9800.00  0.000246464
      9805.00  0.000261734
      9810.00  0.000242576
      9815.00  0.000261405
      9820.00  0.000264777
      9825.00  0.000284104
      9830.00  0.000284763
      9835.00  0.000261946
      9840.00  0.000206465
      9845.00  0.000268319
      9850.00  0.000309433
      9855.00  0.000271830
      9860.00  0.000187065
      9865.00  0.000234669
      9870.00  0.000290117
      9875.00  0.000296919
      9880.00  0.000223989
      9885.00  0.000290115
      9890.00  0.000258139
      9895.00  0.000318946
      9900.00  0.000260444
      9905.00  0.000263828
      9910.00  0.000260766
      9915.00  0.000257756
      9920.00  0.000298897
      9925.00  0.000236350
      9930.00  0.000262669
      9935.00  0.000252007
      9940.00  0.000267063
      9945.00  0.000279273
      9950.00  0.000289296
      9955.00  0.000247150
      9960.00  0.000287321
      9965.00  0.000237400
      9970.00  0.000264544
      9975.00  0.000284991
      9980.00  0.000303215
      9985.00  0.000280384
      9990.00  0.000275710
      9995.00  0.000276965
      10000.0  0.000307329
      10005.0  0.000252035
      10010.0  0.000271765
      10015.0  0.000267161
      10020.0  0.000257135
      10025.0  0.000279339
      10030.0  0.000268628
      10035.0  0.000239810
      10040.0  0.000293248
      10045.0  0.000261923
      10050.0  0.000249582
      10055.0  0.000292244
      10060.0  0.000266940
      10065.0  0.000246006
      10070.0  0.000251877
      10075.0  0.000273733
      10080.0  0.000269259
      10085.0  0.000282817
      10090.0  0.000231125
      10095.0  0.000275964
      10100.0  0.000279300
      10105.0  0.000238106
      10110.0  0.000227356
      10115.0  0.000315579
      10120.0  0.000280992
      10125.0  0.000265926
      10130.0  0.000244416
      10135.0  0.000225746
      10140.0  0.000311667
      10145.0  0.000288887
      10150.0  0.000244751
      10155.0  0.000255385
      10160.0  0.000243097
      10165.0  0.000264744
      10170.0  0.000286065
      10175.0  0.000229771
      10180.0  0.000274827
      10185.0  0.000229491
      10190.0  0.000293180
      10195.0  0.000264113
      10200.0  0.000198158
      10205.0  0.000265065
      10210.0  0.000291582
      10215.0  0.000255679
      10220.0  0.000239580
      10225.0  0.000251410
      10230.0  0.000247475
      10235.0  0.000225533
      10240.0  0.000238218
      10245.0  0.000240627
      10250.0  0.000272969
      10255.0  0.000274677
      10260.0  0.000229843
      10265.0  0.000290987
      10270.0  0.000225234
      10275.0  0.000206306
      10280.0  0.000274895
      10285.0  0.000288131
      10290.0  0.000228276
      10295.0  0.000242353
      10300.0  0.000228288
      10305.0  0.000265434
      10310.0  0.000295976
      10315.0  0.000235983
      10320.0  0.000249193
      10325.0  0.000243125
      10330.0  0.000251980
      10335.0  0.000295591
      10340.0  0.000237999
      10345.0  0.000268581
      10350.0  0.000239992
      10355.0  0.000226616
      10360.0  0.000263715
      10365.0  0.000274198
      10370.0  0.000263669
      10375.0  0.000240302
      10380.0  0.000254919
      10385.0  0.000244954
      10390.0  0.000237773
      10395.0  0.000257853
      10400.0  0.000249240
      10405.0  0.000247101
      10410.0  0.000253229
      10415.0  0.000253498
      10420.0  0.000239419
      10425.0  0.000252393
      10430.0  0.000217739
      10435.0  0.000277926
      10440.0  0.000303253
      10445.0  0.000262570
      10450.0  0.000266659
      10455.0  0.000245117
      10460.0  0.000279209
      10465.0  0.000272079
      10470.0  0.000258450
      10475.0  0.000263056
      10480.0  0.000231085
      10485.0  0.000214591
      10490.0  0.000249139
      10495.0  0.000265436
      10500.0  0.000290212
      10505.0  0.000204060
      10510.0  0.000258116
      10515.0  0.000261959
      10520.0  0.000273718
      10525.0  0.000241968
      10530.0  0.000268245
      10535.0  0.000255129
      10540.0  0.000256056
      10545.0  0.000242365
      10550.0  0.000239417
      10555.0  0.000257660
      10560.0  0.000259332
      10565.0  0.000265143
      10570.0  0.000238786
      10575.0  0.000279312
      10580.0  0.000275696
      10585.0  0.000271317
      10590.0  0.000246955
      10595.0  0.000268100
      10600.0  0.000228624
      10605.0  0.000226089
      10610.0  0.000279643
      10615.0  0.000301660
      10620.0  0.000215286
      10625.0  0.000244682
      10630.0  0.000262868
      10635.0  0.000251201
      10640.0  0.000225312
      10645.0  0.000292664
      10650.0  0.000302603
      10655.0  0.000225897
      10660.0  0.000217570
      10665.0  0.000287395
      10670.0  0.000241955
      10675.0  0.000256149
      10680.0  0.000228099
      10685.0  0.000262359
      10690.0  0.000239301
      10695.0  0.000224591
      10700.0  0.000229884
      10705.0  0.000263211
      10710.0  0.000238161
      10715.0  0.000172888
      10720.0  0.000329850
      10725.0  0.000213754
      10730.0  0.000227341
      10735.0  0.000311965
      10740.0  0.000252284
      10745.0  0.000217440
      10750.0  0.000282093
      10755.0  0.000271954
      10760.0  0.000229303
      10765.0  0.000271983
      10770.0  0.000265273
      10775.0  0.000232734
      10780.0  0.000255750
      10785.0  0.000258862
      10790.0  0.000267896
      10795.0  0.000217858
      10800.0  0.000234683
      10805.0  0.000233850
      10810.0  0.000250150
      10815.0  0.000194983
      10820.0  0.000260772
      10825.0  0.000285909
      10830.0  0.000225122
      10835.0  0.000277993
      10840.0  0.000257917
      10845.0  0.000170908
      10850.0  0.000245532
      10855.0  0.000266319
      10860.0  0.000269637
      10865.0  0.000274787
      10870.0  0.000237202
      10875.0  0.000277104
      10880.0  0.000257225
      10885.0  0.000267432
      10890.0  0.000200134
      10895.0  0.000263691
      10900.0  0.000265476
      10905.0  0.000274422
      10910.0  0.000264119
      10915.0  0.000255697
      10920.0  0.000237071
      10925.0  0.000241794
      10930.0  0.000260502
      10935.0  0.000246993
      10940.0  0.000256269
      10945.0  0.000254263
      10950.0  0.000250367
      10955.0  0.000248526
      10960.0  0.000243652
      10965.0  0.000235202
      10970.0  0.000279832
      10975.0  0.000251574
      10980.0  0.000255915
      10985.0  0.000251446
      10990.0  0.000240654
      10995.0  0.000234558
      11000.0  0.000262884
