6220.68  0.001923444
6223.15  0.002111493
6225.62  0.00228973
6228.09  0.002056664
6230.56  0.002193188
6233.03  0.002091599
6235.49  0.002121466
6237.96  0.002060449
6240.43  0.002056755
6242.90  0.002222653
6245.37  0.002133376
6247.83  0.002088604
6250.30  0.00215036
6252.77  0.002113226
6255.24  0.002211327
6257.71  0.002228324
6260.18  0.002197362
6262.64  0.002138878
6265.11  0.002106131
6267.58  0.002095109
6270.05  0.002204738
6272.52  0.002181139
6274.99  0.002120808
6277.45  0.002167087
6279.92  0.002244504
6282.39  0.002141475
6284.86  0.002208214
6287.33  0.002196499
6289.80  0.002164823
6292.26  0.002178924
6294.73  0.002109046
6297.20  0.002273817
6299.67  0.002309832
6302.14  0.002207022
6304.60  0.002195076
6307.07  0.002186417
6309.54  0.002182496
6312.01  0.002332454
6314.48  0.002209241
6316.95  0.002268164
6319.41  0.002258033
6321.88  0.002122487
6324.35  0.002117327
6326.82  0.002180619
6329.29  0.002006152
6331.76  0.002120351
6334.22  0.002266905
6336.69  0.002250361
6339.16  0.002214585
6341.63  0.002236126
6344.10  0.002245137
6346.57  0.002244384
6349.03  0.002167766
6351.50  0.002097843
6353.97  0.002138255
6356.44  0.00235598
6358.91  0.00233614
6361.37  0.002211486
6363.84  0.002153124
6366.31  0.00221327
6368.78  0.002160529
6371.25  0.002276621
6373.72  0.00226576
6376.18  0.002213823
6378.65  0.002281919
6381.12  0.002337647
6383.59  0.002167668
6386.06  0.002303204
6388.53  0.002178849
6390.99  0.002281498
6393.46  0.002204449
6395.93  0.002159076
6398.40  0.002242738
6400.87  0.002267544
6403.34  0.002272904
6405.80  0.002281729
6408.27  0.002154815
6410.74  0.002282998
6413.21  0.002327173
6415.68  0.002264531
6418.14  0.002110892
6420.61  0.002145172
6423.08  0.002264439
6425.55  0.002255846
6428.02  0.002265886
6430.49  0.002212686
6432.95  0.00223589
6435.42  0.002330626
6437.89  0.002330936
6440.36  0.002308681
6442.83  0.002380181
6445.30  0.002336731
6447.76  0.002276149
6450.23  0.002300047
6452.70  0.002204088
6455.17  0.002239119
6457.64  0.002325169
6460.11  0.002346013
6462.57  0.002296341
6465.04  0.002332333
6467.51  0.002339
6469.98  0.002232118
6472.45  0.00216631
6474.91  0.002297255
6477.38  0.002374496
6479.85  0.002203377
6482.32  0.002280565
6484.79  0.002332623
6487.26  0.002321982
6489.72  0.002261371
6492.19  0.002271808
6494.66  0.002356039
6497.13  0.002387332
6499.60  0.00240895
6502.07  0.002351644
6504.53  0.002403069
6507.00  0.00238484
6509.47  0.002404087
6511.94  0.002392249
6514.41  0.002470348
6516.88  0.002479641
6519.34  0.002439294
6521.81  0.0024585
6524.28  0.002355083
6526.75  0.00241382
6529.22  0.002511728
6531.68  0.0025536
6534.15  0.002454131
6536.62  0.002506936
6539.09  0.002467506
6541.56  0.002363313
6544.03  0.002437238
6546.49  0.002489205
6548.96  0.00256425
6551.43  0.002499256
6553.90  0.002506971
6556.37  0.00250252
6558.84  0.002540713
6561.30  0.002577841
6563.77  0.002544543
6566.24  0.00249954
6568.71  0.002507843
6571.18  0.002529086
6573.65  0.002488049
6576.11  0.002493847
6578.58  0.002490227
6581.05  0.002542507
6583.52  0.002440024
6585.99  0.00247717
6588.45  0.00257159
6590.92  0.002478621
6593.39  0.002587959
6595.86  0.002569843
6598.33  0.002542859
6600.80  0.00257098
6603.26  0.002602214
6605.73  0.002659143
6608.20  0.002615038
6610.67  0.002497273
6613.14  0.002529947
6615.61  0.00255189
6618.07  0.002604296
6620.54  0.002612504
6623.01  0.002616055
6625.48  0.002620989
6627.95  0.002676353
6630.42  0.00269989
6632.88  0.002582473
6635.35  0.002581759
6637.82  0.002719326
6640.29  0.00274731
6642.76  0.002607081
6645.22  0.002616351
6647.69  0.002548885
6650.16  0.002674031
6652.63  0.002607554
6655.10  0.002627145
6657.57  0.002630908
6660.03  0.002655478
6662.50  0.002782708
6664.97  0.002766688
6667.44  0.002869375
6669.91  0.00280113
6672.38  0.002582325
6674.84  0.002701607
6677.31  0.002740964
6679.78  0.002758859
6682.25  0.002780641
6684.72  0.002698669
6687.19  0.002660956
6689.65  0.002718435
6692.12  0.002790903
6694.59  0.002796222
6697.06  0.002717079
6699.53  0.002857082
6701.99  0.002888828
6704.46  0.002749095
6706.93  0.002730033
6709.40  0.002791047
6711.87  0.002799862
6714.34  0.002780786
6716.80  0.00280007
6719.27  0.002807182
6721.74  0.002764423
6724.21  0.002855232
6726.68  0.002750891
6729.15  0.00271397
6731.61  0.002862353
6734.08  0.002909479
6736.55  0.002873292
6739.02  0.002809614
6741.49  0.002786877
6743.96  0.002844331
6746.42  0.002805149
6748.89  0.002951675
6751.36  0.002961891
6753.83  0.003052126
6756.30  0.00299124
6758.76  0.003017731
6761.23  0.002854866
6763.70  0.002980444
6766.17  0.002955966
6768.64  0.002899204
6771.11  0.002928032
6773.57  0.002916434
6776.04  0.002947132
6778.51  0.002898318
6780.98  0.002971237
6783.45  0.003004128
6785.92  0.003029182
6788.38  0.002959816
6790.85  0.002989938
6793.32  0.002996956
6795.79  0.002941581
6798.26  0.002975715
6800.73  0.00299505
6803.19  0.002968313
6805.66  0.003038311
6808.13  0.003018155
6810.60  0.003102269
6813.07  0.003125313
6815.53  0.003026662
6818.00  0.003072915
6820.47  0.00314458
6822.94  0.003129848
6825.41  0.003122625
6827.88  0.003124983
6830.34  0.003103395
6832.81  0.003140678
6835.28  0.003111475
6837.75  0.003075529
6840.22  0.003069843
6842.69  0.003151431
6845.15  0.00322648
6847.62  0.003124914
6850.09  0.003189013
6852.56  0.00321897
6855.03  0.00325992
6857.50  0.003283751
6859.96  0.003252585
6862.43  0.003409659
6864.90  0.003351681
6867.37  0.003456358
6869.84  0.003448811
6872.30  0.003431896
6874.77  0.003350767
6877.24  0.003304805
6879.71  0.003523258
6882.18  0.003511213
6884.65  0.003347214
6887.11  0.003409003
6889.58  0.003579768
6892.05  0.003542102
6894.52  0.003516418
6896.99  0.003559718
6899.46  0.003627829
6901.92  0.003719163
6904.39  0.003708488
6906.86  0.003767038
6909.33  0.003759263
6911.80  0.003744845
6914.27  0.003849102
6916.73  0.0038676
6919.20  0.003916736
6921.67  0.003992549
6924.14  0.004021276
6926.61  0.004104059
6929.07  0.00410592
6931.54  0.004149678
6934.01  0.004213047
6936.48  0.004295692
6938.95  0.004313787
6941.42  0.004290094
6943.88  0.004395999
6946.35  0.004550715
6948.82  0.004577776
6951.29  0.004684448
6953.76  0.004845091
6956.23  0.004930205
6958.69  0.005040978
6961.16  0.005238216
6963.63  0.005394613
6966.10  0.005562782
6968.57  0.005613465
6971.04  0.005853096
6973.50  0.006134973
6975.97  0.006412813
6978.44  0.006691858
6980.91  0.006915811
6983.38  0.00724155
6985.84  0.007525879
6988.31  0.008027334
6990.78  0.008412738
6993.25  0.008797578
6995.72  0.009322505
6998.19  0.009882278
7000.65  0.01050198
7003.12  0.01105842
7005.59  0.0117367
7008.06  0.01247699
7010.53  0.01324374
7013.00  0.01411326
7015.46  0.01492504
7017.93  0.01599525
7020.40  0.01700815
7022.87  0.0180461
7025.34  0.01914085
7027.81  0.02054546
7030.27  0.02190368
7032.74  0.02327342
7035.21  0.024728
7037.68  0.02629502
7040.15  0.02805286
7042.61  0.02977784
7045.08  0.03164585
7047.55  0.03363218
7050.02  0.03559955
7052.49  0.03786871
7054.96  0.04015188
7057.42  0.04252682
7059.89  0.0450423
7062.36  0.0477117
7064.83  0.05041235
7067.30  0.05328863
7069.77  0.05629228
7072.23  0.05948343
7074.70  0.0625931
7077.17  0.06598791
7079.64  0.06937421
7082.11  0.07295591
7084.58  0.07679262
7087.04  0.08048008
7089.51  0.08451234
7091.98  0.08861224
7094.45  0.09269294
7096.92  0.09708423
7099.38  0.1016816
7101.85  0.1061748
7104.32  0.1109616
7106.79  0.1159445
7109.26  0.120811
7111.73  0.1258439
7114.19  0.1312573
7116.66  0.1365225
7119.13  0.141798
7121.60  0.1472861
7124.07  0.1529274
7126.54  0.1587051
7129.00  0.1644859
7131.47  0.1705129
7133.94  0.1764681
7136.41  0.182659
7138.88  0.1889429
7141.35  0.1952575
7143.81  0.2018526
7146.28  0.2081812
7148.75  0.2146859
7151.22  0.2213176
7153.69  0.2282505
7156.15  0.2349413
7158.62  0.2418829
7161.09  0.2486828
7163.56  0.2557247
7166.03  0.2629174
7168.50  0.2699527
7170.96  0.2771559
7173.43  0.2842108
7175.90  0.2915832
7178.37  0.2987429
7180.84  0.305966
7183.31  0.3133155
7185.77  0.3207775
7188.24  0.328259
7190.71  0.3357601
7193.18  0.3430166
7195.65  0.3505393
7198.12  0.3578325
7200.58  0.3652193
7203.05  0.3726456
7205.52  0.3799093
7207.99  0.3875929
7210.46  0.3950091
7212.92  0.402393
7215.39  0.4100134
7217.86  0.4175485
7220.33  0.4247259
7222.80  0.4322739
7225.27  0.4396684
7227.73  0.4469196
7230.20  0.4543605
7232.67  0.4614464
7235.14  0.4687255
7237.61  0.4762562
7240.08  0.4832169
7242.54  0.4901078
7245.01  0.4973311
7247.48  0.5046447
7249.95  0.5115831
7252.42  0.5184998
7254.89  0.525665
7257.35  0.532097
7259.82  0.5390672
7262.29  0.5460833
7264.76  0.5525336
7267.23  0.5592401
7269.69  0.5658498
7272.16  0.5721676
7274.63  0.5788618
7277.10  0.585357
7279.57  0.5917033
7282.04  0.5981421
7284.50  0.6045159
7286.97  0.6102227
7289.44  0.6167695
7291.91  0.6226803
7294.38  0.6283248
7296.85  0.6342939
7299.31  0.6405457
7301.78  0.646208
7304.25  0.6517524
7306.72  0.6576149
7309.19  0.6630716
7311.66  0.6685551
7314.12  0.6739642
7316.59  0.6792298
7319.06  0.684511
7321.53  0.689802
7324.00  0.6948076
7326.46  0.7001681
7328.93  0.7050028
7331.40  0.7101093
7333.87  0.7150274
7336.34  0.7195234
7338.81  0.7245588
7341.27  0.7289929
7343.74  0.7337635
7346.21  0.7382076
7348.68  0.7425406
7351.15  0.7469848
7353.62  0.7520686
7356.08  0.7562176
7358.55  0.7600845
7361.02  0.7643681
7363.49  0.7684205
7365.96  0.7727681
7368.43  0.7760486
7370.89  0.7800148
7373.36  0.7837588
7375.83  0.7877381
7378.30  0.7915787
7380.77  0.7948607
7383.23  0.7986054
7385.70  0.8021114
7388.17  0.8055245
7390.64  0.8089164
7393.11  0.81211
7395.58  0.8154833
7398.04  0.8185024
7400.51  0.8218704
7402.98  0.8252198
7405.45  0.8281659
7407.92  0.8309698
7410.39  0.8341519
7412.85  0.8368775
7415.32  0.8395323
7417.79  0.8427131
7420.26  0.8451614
7422.73  0.847963
7425.20  0.8507647
7427.66  0.8530216
7430.13  0.8553393
7432.60  0.8578287
7435.07  0.8604604
7437.54  0.8629049
7440.00  0.8649108
7442.47  0.8673842
7444.94  0.8699033
7447.41  0.8723838
7449.88  0.8743954
7452.35  0.8764512
7454.81  0.8786843
7457.28  0.8808113
7459.75  0.8825094
7462.22  0.8845075
7464.69  0.886261
7467.16  0.8882349
7469.62  0.890026
7472.09  0.8917135
7474.56  0.8938613
7477.03  0.896157
7479.50  0.8976756
7481.97  0.8986234
7484.43  0.900313
7486.90  0.9020161
7489.37  0.9036535
7491.84  0.904956
7494.31  0.9066959
7496.77  0.9083718
7499.24  0.9092811
7501.71  0.9110904
7504.18  0.9125384
7506.65  0.9136882
7509.12  0.91514
7511.58  0.9164811
7514.05  0.9172543
7516.52  0.9184908
7518.99  0.9198197
7521.46  0.9212629
7523.93  0.9223415
7526.39  0.9238709
7528.86  0.9251748
7531.33  0.9256067
7533.80  0.9269601
7536.27  0.9283114
7538.74  0.9289713
7541.20  0.9294795
7543.67  0.9306501
7546.14  0.9315827
7548.61  0.9326966
7551.08  0.933757
7553.54  0.9339119
7556.01  0.9349928
7558.48  0.9360312
7560.95  0.9364347
7563.42  0.9377769
7565.89  0.9383174
7568.35  0.9391867
7570.82  0.9401619
7573.29  0.9408494
7575.76  0.9413715
7578.23  0.941835
7580.70  0.9422562
7583.16  0.9430132
7585.63  0.943864
7588.10  0.9443823
7590.57  0.944758
7593.04  0.9449084
7595.51  0.9459926
7597.97  0.9467551
7600.44  0.9474192
7602.91  0.9479446
7605.38  0.9484872
7607.85  0.9488677
7610.31  0.9490895
7612.78  0.9497654
7615.25  0.9497502
7617.72  0.9501947
7620.19  0.950754
7622.66  0.9518293
7625.12  0.9516183
7627.59  0.9519534
7630.06  0.9526194
7632.53  0.9529022
7635.00  0.953882
7637.47  0.9539155
7639.93  0.9538308
7642.40  0.9549416
7644.87  0.9552144
7647.34  0.955198
7649.81  0.9554759
7652.28  0.9559779
7654.74  0.9564936
7657.21  0.9564341
7659.68  0.9564115
7662.15  0.9572506
7664.62  0.9567861
7667.09  0.9567701
7669.55  0.9575539
7672.02  0.9581673
7674.49  0.9576293
7676.96  0.9578773
7679.43  0.9584183
7681.89  0.9584066
7684.36  0.9588571
7686.83  0.9594865
7689.30  0.9591496
7691.77  0.9593362
7694.24  0.9596181
7696.70  0.9598339
7699.17  0.9597316
7701.64  0.9595247
7704.11  0.9603686
7706.58  0.9603261
7709.05  0.9606019
7711.51  0.9608942
7713.98  0.9611711
7716.45  0.9613467
7718.92  0.9610187
7721.39  0.9613808
7723.86  0.9609156
7726.32  0.9607094
7728.79  0.9612369
7731.26  0.9619393
7733.73  0.9617942
7736.20  0.9618541
7738.66  0.9615516
7741.13  0.961831
7743.60  0.9622194
7746.07  0.9625822
7748.54  0.9625036
7751.01  0.9620361
7753.47  0.9620074
7755.94  0.9621221
7758.41  0.962206
7760.88  0.9621617
7763.35  0.9625058
7765.82  0.96244
7768.28  0.9619448
7770.75  0.9626638
7773.22  0.9623594
7775.69  0.962076
7778.16  0.9622923
7780.63  0.9622504
7783.09  0.9617895
7785.56  0.9622833
7788.03  0.9623757
7790.50  0.9620675
7792.97  0.9626939
7795.43  0.9630651
7797.90  0.9629241
7800.37  0.962991
7802.84  0.9623314
7805.31  0.9620881
7807.78  0.9624746
7810.24  0.9628854
7812.71  0.9627622
7815.18  0.9622716
7817.65  0.9624507
7820.12  0.9624
7822.59  0.9632368
7825.05  0.9626241
7827.52  0.9619543
7829.99  0.9624031
7832.46  0.9625681
7834.93  0.9625518
7837.40  0.9623868
7839.86  0.962735
7842.33  0.9626443
7844.80  0.9626874
7847.27  0.962449
7849.74  0.962176
7852.20  0.9617859
7854.67  0.9620338
7857.14  0.9630225
7859.61  0.9627116
7862.08  0.9623924
7864.55  0.9618691
7867.01  0.961956
7869.48  0.9624352
7871.95  0.9621083
7874.42  0.9617686
7876.89  0.9617107
7879.36  0.9620283
7881.82  0.9616565
7884.29  0.9620019
7886.76  0.96142
7889.23  0.9608298
7891.70  0.9612532
7894.17  0.9616107
7896.63  0.9611447
7899.10  0.9605656
7901.57  0.9607419
7904.04  0.9609939
7906.51  0.9607173
7908.97  0.9607325
7911.44  0.9605954
7913.91  0.9602597
7916.38  0.960587
7918.85  0.9603453
7921.32  0.9603431
7923.78  0.9602556
7926.25  0.9600231
7928.72  0.9602387
7931.19  0.9606509
7933.66  0.9599911
7936.13  0.9597657
7938.59  0.9592835
7941.06  0.9593418
7943.53  0.9594186
7946.00  0.9588055
7948.47  0.9585008
7950.94  0.9593725
7953.40  0.9598081
7955.87  0.9593937
7958.34  0.9590748
7960.81  0.958725
7963.28  0.9584734
7965.74  0.958522
7968.21  0.9588293
7970.68  0.958481
7973.15  0.9574612
7975.62  0.957701
7978.09  0.9578928
7980.55  0.9571828
7983.02  0.9573368
7985.49  0.957347
7987.96  0.9569297
7990.43  0.9566939
7992.90  0.9570122
7995.36  0.9572132
7997.83  0.9563451
8000.30  0.9564158
8002.77  0.957079
8005.24  0.9571539
8007.71  0.9567645
8010.17  0.9562829
8012.64  0.9557458
8015.11  0.9559805
8017.58  0.9555569
8020.05  0.9552631
8022.51  0.9557813
8024.98  0.9562026
8027.45  0.9558507
8029.92  0.9555768
8032.39  0.9549786
8034.86  0.9552093
8037.32  0.9554019
8039.79  0.9554584
8042.26  0.9551851
8044.73  0.9543554
8047.20  0.9539859
8049.67  0.9536858
8052.13  0.9537295
8054.60  0.9533948
8057.07  0.9529793
8059.54  0.9530125
8062.01  0.9536645
8064.48  0.9534063
8066.94  0.9532883
8069.41  0.9536155
8071.88  0.9529065
8074.35  0.9524662
8076.82  0.9526698
8079.28  0.9527836
8081.75  0.9530834
8084.22  0.9525706
8086.69  0.9523855
8089.16  0.9513165
8091.63  0.9514771
8094.09  0.9511757
8096.56  0.9512964
8099.03  0.9513411
8101.50  0.9508454
8103.97  0.95107
8106.44  0.9511787
8108.90  0.9508564
8111.37  0.9506056
8113.84  0.9500447
8116.31  0.9502475
8118.78  0.9500325
8121.25  0.949526
8123.71  0.9495466
8126.18  0.949295
8128.65  0.9494997
8131.12  0.9494119
8133.59  0.9496503
8136.05  0.9494134
8138.52  0.9489281
8140.99  0.9489936
8143.46  0.9490335
8145.93  0.9485047
8148.40  0.9483962
8150.86  0.9489739
8153.33  0.9484606
8155.80  0.94793
8158.27  0.9476587
8160.74  0.9473246
8163.21  0.947154
8165.67  0.9477403
8168.14  0.9469121
8170.61  0.946745
8173.08  0.9464455
8175.55  0.9469017
8178.02  0.9469163
8180.48  0.9462889
8182.95  0.9468839
8185.42  0.9467868
8187.89  0.9470766
8190.36  0.9460446
8192.82  0.9457268
8195.29  0.9459783
8197.76  0.9451503
8200.23  0.9453975
8202.70  0.9446223
8205.17  0.9445578
8207.63  0.9444461
8210.10  0.9449627
8212.57  0.9441636
8215.04  0.9436398
8217.51  0.9433455
8219.98  0.9396396
8222.44  0.9429522
8224.91  0.9433857
8227.38  0.94296
8229.85  0.9427363
8232.32  0.9426722
8234.79  0.9426427
8237.25  0.9434304
8239.72  0.9428856
8242.19  0.9430219
8244.66  0.9426813
8247.13  0.9423911
8249.59  0.9422609
8252.06  0.9418103
8254.53  0.9414403
8257.00  0.9414067
8259.47  0.9417719
8261.94  0.9416173
8264.40  0.9406094
8266.87  0.9407462
8269.34  0.9408189
8271.81  0.9414462
8274.28  0.9407176
8276.75  0.9404678
8279.21  0.9398751
8281.68  0.9403366
8284.15  0.9395246
8286.62  0.9390457
8289.09  0.9387776
8291.56  0.9382326
8294.02  0.9380163
8296.49  0.9385203
8298.96  0.9383598
8301.43  0.9377539
8303.90  0.9378691
8306.36  0.9382954
8308.83  0.9382889
8311.30  0.9378439
8313.77  0.9368621
8316.24  0.9374456
8318.71  0.9368228
8321.17  0.936768
8323.64  0.9372491
8326.11  0.9376847
8328.58  0.9366636
8331.05  0.9367118
8333.52  0.9370899
8335.98  0.9367643
8338.45  0.9366984
8340.92  0.9363033
8343.39  0.9362386
8345.86  0.935674
8348.33  0.9352605
8350.79  0.9356211
8353.26  0.9347011
8355.73  0.9340491
8358.20  0.9346076
8360.67  0.9344194
8363.13  0.9346111
8365.60  0.9341389
8368.07  0.9339105
8370.54  0.9335885
8373.01  0.9335259
8375.48  0.9336857
8377.94  0.933108
8380.41  0.9322072
8382.88  0.9321283
8385.35  0.9310512
8387.82  0.9320545
8390.29  0.9325294
8392.75  0.9314357
8395.22  0.9312575
8397.69  0.9313446
8400.16  0.9309253
8402.63  0.930172
8405.10  0.9306649
8407.56  0.9302088
8410.03  0.9302546
8412.50  0.9290223
8414.97  0.929522
8417.44  0.9296545
8419.90  0.9291325
8422.37  0.9288323
8424.84  0.9287741
8427.31  0.9283134
8429.78  0.9280868
8432.25  0.9282627
8434.71  0.9293931
8437.18  0.9283894
8439.65  0.9273584
8442.12  0.9273996
8444.59  0.9270225
8447.06  0.9271401
8449.52  0.9267836
8451.99  0.9266149
8454.46  0.9254212
8456.93  0.9257268
8459.40  0.9259391
8461.87  0.9259082
8464.33  0.9249963
8466.80  0.9245808
8469.27  0.9236506
8471.74  0.9230111
8474.21  0.9240347
8476.67  0.9248219
8479.14  0.9244456
8481.61  0.9235581
8484.08  0.9227605
8486.55  0.9230766
8489.02  0.9228519
8491.48  0.9227989
8493.95  0.9231809
8496.42  0.9225715
8498.89  0.9212449
8501.36  0.9213217
8503.83  0.9216042
8506.29  0.921951
8508.76  0.9210724
8511.23  0.9207428
8513.70  0.9209826
8516.17  0.9201733
8518.64  0.9205121
8521.10  0.9199821
8523.57  0.9199088
8526.04  0.9195784
8528.51  0.9196232
8530.98  0.9191436
8533.44  0.9189714
8535.91  0.9183682
8538.38  0.9184235
8540.85  0.9185138
8543.32  0.9190918
8545.79  0.9188182
8548.25  0.9185136
8550.72  0.9183854
8553.19  0.9178382
8555.66  0.9175767
8558.13  0.917151
8560.60  0.9167081
8563.06  0.9167364
8565.53  0.9163501
8568.00  0.9164086
8570.47  0.9165289
8572.94  0.9159084
8575.41  0.9152593
8577.87  0.9151491
8580.34  0.9151996
8582.81  0.9148508
8585.28  0.914618
8587.75  0.9144706
8590.21  0.9139758
8592.68  0.9140925
8595.15  0.9145355
8597.62  0.9137062
8600.09  0.9125935
8602.56  0.9124761
8605.02  0.9130352
8607.49  0.9130605
8609.96  0.9126521
8612.43  0.9124433
8614.90  0.9120001
8617.37  0.9122376
8619.83  0.9118186
8622.30  0.9109687
8624.77  0.9110473
8627.24  0.9111401
8629.71  0.9103156
8632.18  0.910452
8634.64  0.9102687
8637.11  0.9096656
8639.58  0.9099329
8642.05  0.9097616
8644.52  0.9091391
8646.98  0.908681
8649.45  0.9082673
8651.92  0.9081188
8654.39  0.9077891
8656.86  0.9081228
8659.33  0.9074168
8661.79  0.9074217
8664.26  0.9070996
8666.73  0.9063431
8669.20  0.9066847
8671.67  0.9068956
8674.14  0.9062991
8676.60  0.9055291
8679.07  0.9054815
8681.54  0.9056665
8684.01  0.9050967
8686.48  0.905299
8688.95  0.9047657
8691.41  0.9043726
8693.88  0.9047431
8696.35  0.9044697
8698.82  0.9044003
8701.29  0.9037447
8703.75  0.9032717
8706.22  0.902578
8708.69  0.9021921
8711.16  0.9020711
8713.63  0.9019125
8716.10  0.9022005
8718.56  0.9016961
8721.03  0.9004699
8723.50  0.9000218
8725.97  0.9003964
8728.44  0.8999127
8730.91  0.8990696
8733.37  0.8993033
8735.84  0.8994373
8738.31  0.8990082
8740.78  0.8980453
8743.25  0.8979107
8745.72  0.8971962
8748.18  0.8979631
8750.65  0.8972917
8753.12  0.8964416
8755.59  0.8973302
8758.06  0.8978102
8760.52  0.8963146
8762.99  0.8956013
8765.46  0.8962955
8767.93  0.897227
8770.40  0.8960969
8772.87  0.8946688
8775.33  0.8954916
8777.80  0.8948742
8780.27  0.8944607
8782.74  0.8944553
8785.21  0.8941219
8787.68  0.8934144
8790.14  0.8935176
8792.61  0.8939475
8795.08  0.8930263
8797.55  0.8922544
8800.02  0.891978
8802.49  0.892045
8804.95  0.8924191
8807.42  0.8919718
8809.89  0.8918587
8812.36  0.8917767
8814.83  0.8907247
8817.29  0.8905016
8819.76  0.8910017
8822.23  0.8905466
8824.70  0.8885214
8827.17  0.8898767
8829.64  0.8902274
8832.10  0.8885684
8834.57  0.8891025
8837.04  0.8877698
8839.51  0.8878049
8841.98  0.8873617
8844.45  0.887289
8846.91  0.8859792
8849.38  0.8862398
8851.85  0.8871776
8854.32  0.8865614
8856.79  0.8860154
8859.26  0.8847748
8861.72  0.8855543
8864.19  0.8850971
8866.66  0.8858044
8869.13  0.8842857
8871.60  0.883688
8874.06  0.8835426
8876.53  0.8832675
8879.00  0.8839626
8881.47  0.8821365
8883.94  0.8823339
8886.41  0.8828477
8888.87  0.8819116
8891.34  0.8819491
8893.81  0.8810703
8896.28  0.8808388
8898.75  0.8806748
8901.22  0.8802919
8903.68  0.8800508
8906.15  0.8799205
8908.62  0.8797484
8911.09  0.8795598
8913.56  0.8792171
8916.03  0.8793343
8918.49  0.8782472
8920.96  0.8782213
8923.43  0.8781546
8925.90  0.8784218
8928.37  0.8767697
8930.83  0.8763936
8933.30  0.8773976
8935.77  0.8769652
8938.24  0.8760201
8940.71  0.8755491
8943.18  0.8751141
8945.64  0.8757933
8948.11  0.874428
8950.58  0.8740647
8953.05  0.8742625
8955.52  0.8746945
8957.99  0.8743176
8960.45  0.8729122
8962.92  0.8732941
8965.39  0.87318
8967.86  0.871439
8970.33  0.8711187
8972.80  0.871017
8975.26  0.8711393
8977.73  0.8700755
8980.20  0.870513
8982.67  0.8705431
8985.14  0.8691775
8987.60  0.869046
8990.07  0.8697324
8992.54  0.8696486
8995.01  0.8695436
8997.48  0.8694321
8999.95  0.8680955
9002.41  0.8674709
9004.88  0.8675612
9007.35  0.8674668
9009.82  0.867197
9012.29  0.8663237
9014.76  0.8654971
9017.22  0.8662323
9019.69  0.8666309
9022.16  0.8652818
9024.63  0.8646524
9027.10  0.8646077
9029.57  0.8644314
9032.03  0.8645494
9034.50  0.8639662
9036.97  0.8641001
9039.44  0.8633652
9041.91  0.8624848
9044.37  0.8627471
9046.84  0.863131
9049.31  0.8620492
9051.78  0.8610544
9054.25  0.8617343
9056.72  0.8609874
9059.18  0.8592585
9061.65  0.8593724
9064.12  0.8603829
9066.59  0.8601978
9069.06  0.8595416
9071.53  0.8593063
9073.99  0.8588356
9076.46  0.8577104
9078.93  0.8581237
9081.40  0.8569419
9083.87  0.8574364
9086.34  0.8562852
9088.80  0.8559315
9091.27  0.8552585
9093.74  0.8558811
9096.21  0.8559942
9098.68  0.8541991
9101.14  0.854659
9103.61  0.8538377
9106.08  0.8529126
9108.55  0.8521687
9111.02  0.8512242
9113.49  0.8521255
9115.95  0.8516478
9118.42  0.8515833
9120.89  0.8505614
9123.36  0.8503125
9125.83  0.8509393
9128.30  0.85031
9130.76  0.8489808
9133.23  0.8502779
9135.70  0.8490332
9138.17  0.8481551
9140.64  0.8488533
9143.11  0.8488553
9145.57  0.8485866
9148.04  0.8483006
9150.51  0.8460502
9152.98  0.8466091
9155.45  0.8464054
9157.92  0.8450039
9160.38  0.8454182
9162.85  0.8454396
9165.32  0.8445697
9167.79  0.8425143
9170.26  0.8428486
9172.72  0.8439049
9175.19  0.8444101
9177.66  0.8447995
9180.13  0.8434623
9182.60  0.8435217
9185.07  0.8409209
9187.53  0.8408136
9190.00  0.8426875
9192.47  0.841457
9194.94  0.8401229
9197.41  0.8390673
9199.88  0.8397186
9202.34  0.8396209
9204.81  0.8394921
9207.28  0.8383038
9209.75  0.8391807
9212.22  0.8391405
9214.69  0.8374276
9217.15  0.837126
9219.62  0.8379428
9222.09  0.8364286
9224.56  0.8367492
9227.03  0.8368185
9229.49  0.8357312
9231.96  0.8360624
9234.43  0.8341467
9236.90  0.8342041
9239.37  0.8334811
9241.84  0.8329902
9244.30  0.8329838
9246.77  0.8320118
9249.24  0.830902
9251.71  0.8319073
9254.18  0.832386
9256.65  0.8304424
9259.11  0.8307037
9261.58  0.8296625
9264.05  0.8289788
9266.52  0.8295184
9268.99  0.8286386
9271.46  0.8278072
9273.92  0.8285137
9276.39  0.8268288
9278.86  0.8264284
9281.33  0.8271912
9283.80  0.8278741
9286.26  0.8269785
9288.73  0.8257335
9291.20  0.8249269
9293.67  0.8246286
9296.14  0.8250647
9298.61  0.8237591
9301.07  0.8237417
9303.54  0.8234704
9306.01  0.8226197
9308.48  0.8220754
9310.95  0.8207846
9313.42  0.8214789
9315.88  0.8216461
9318.35  0.8207998
9320.82  0.8186345
9323.29  0.8198856
9325.76  0.8199539
9328.23  0.8189615
9330.69  0.8199418
9333.16  0.8181323
9335.63  0.8168267
9338.10  0.8168806
9340.57  0.8169154
9343.03  0.8156931
9345.50  0.8151541
9347.97  0.8150897
9350.44  0.8146741
9352.91  0.8151804
9355.38  0.8141957
9357.84  0.8130499
9360.31  0.8136611
9362.78  0.8113319
9365.25  0.8112012
9367.72  0.8118151
9370.19  0.8130341
9372.65  0.811142
9375.12  0.8112885
9377.59  0.8120298
9380.06  0.8108689
9382.53  0.8111832
9385.00  0.8101025
9387.46  0.809892
9389.93  0.8082634
9392.40  0.8073062
9394.87  0.8075241
9397.34  0.8061737
9399.80  0.8060603
9402.27  0.8054036
9404.74  0.8048715
9407.21  0.8052237
9409.68  0.8038368
9412.15  0.8026454
9414.61  0.8024672
9417.08  0.8021291
9419.55  0.8010411
9422.02  0.8023902
9424.49  0.8014063
9426.96  0.8019918
9429.42  0.8000609
9431.89  0.7993809
9434.36  0.7977622
9436.83  0.7969093
9439.30  0.7979299
9441.77  0.7980255
9444.23  0.7978242
9446.70  0.7989715
9449.17  0.7976585
9451.64  0.7972468
9454.11  0.7956271
9456.57  0.7948875
9459.04  0.7948717
9461.51  0.79322
9463.98  0.7947939
9466.45  0.7947986
9468.92  0.7933496
9471.38  0.7907596
9473.85  0.7918215
9476.32  0.7911099
9478.79  0.7918817
9481.26  0.7898632
9483.73  0.7903185
9486.19  0.7887195
9488.66  0.7885293
9491.13  0.7874957
9493.60  0.7878475
9496.07  0.7880379
9498.54  0.7864457
9501.00  0.7853849
9503.47  0.7851149
9505.94  0.7838342
9508.41  0.7833356
9510.88  0.7839401
9513.34  0.782563
9515.81  0.7822
9518.28  0.7824605
9520.75  0.7800649
9523.22  0.779713
9525.69  0.7802183
9528.15  0.7793816
9530.62  0.7799867
9533.09  0.7797314
9535.56  0.7777967
9538.03  0.7765573
9540.50  0.7758977
9542.96  0.7762267
9545.43  0.7765988
9547.90  0.775937
9550.37  0.7758203
9552.84  0.7753617
9555.31  0.7745873
9557.77  0.7751838
9560.24  0.7748104
9562.71  0.7735404
9565.18  0.7719746
9567.65  0.7705124
9570.11  0.7696111
9572.58  0.7687452
9575.05  0.7693519
9577.52  0.768769
9579.99  0.7690318
9582.46  0.7692321
9584.92  0.7675916
9587.39  0.7674493
9589.86  0.7651166
9592.33  0.7640845
9594.80  0.7646344
9597.27  0.7647317
9599.73  0.7629788
9602.20  0.7618417
9604.67  0.7619286
9607.14  0.7609148
9609.61  0.7606835
9612.08  0.7600096
9614.54  0.7589092
9617.01  0.7597339
9619.48  0.7585021
9621.95  0.7571697
9624.42  0.7574263
9626.88  0.7570473
9629.35  0.7571602
9631.82  0.7548517
9634.29  0.7552349
9636.76  0.7537854
9639.23  0.7540143
9641.69  0.7530242
9644.16  0.7542945
9646.63  0.7529697
9649.10  0.7526821
9651.57  0.7512174
9654.04  0.7518678
9656.50  0.7507856
9658.97  0.7485127
9661.44  0.7496018
9663.91  0.7474119
9666.38  0.745687
9668.85  0.7461018
9671.31  0.7459369
9673.78  0.7444045
9676.25  0.7450793
9678.72  0.7448888
9681.19  0.7433313
9683.65  0.7421086
9686.12  0.7423859
9688.59  0.7409643
9691.06  0.739876
9693.53  0.7395127
9696.00  0.7383936
9698.46  0.7392966
9700.93  0.7395567
9703.40  0.7370894
9705.87  0.7373524
9708.34  0.7368111
9710.81  0.7365509
9713.27  0.7345908
9715.74  0.7342637
9718.21  0.735962
9720.68  0.7336705
9723.15  0.7312244
9725.62  0.7310904
9728.08  0.7295973
9730.55  0.7293112
9733.02  0.7296542
9735.49  0.7289485
9737.96  0.7267016
9740.42  0.727473
9742.89  0.727488
9745.36  0.72687
9747.83  0.7267527
9750.30  0.7244384
9752.77  0.7238968
9755.23  0.7241321
9757.70  0.7233738
9760.17  0.7225271
9762.64  0.7220517
9765.11  0.7202972
9767.58  0.720295
9770.04  0.7197149
9772.51  0.7185621
9774.98  0.7190151
9777.45  0.7180139
9779.92  0.7171432
9782.39  0.7142334
9784.85  0.7122394
9787.32  0.7142755
9789.79  0.7143282
9792.26  0.712299
9794.73  0.7125995
9797.19  0.7120373
9799.66  0.7103041
9802.13  0.7093631
9804.60  0.7091671
9807.07  0.7065674
9809.54  0.7060482
9812.00  0.706175
9814.47  0.7049265
9816.94  0.7028432
9819.41  0.7013965
9821.88  0.7020102
9824.35  0.7031457
9826.81  0.7011287
9829.28  0.6992713
9831.75  0.7005392
9834.22  0.7008809
9836.69  0.6993751
9839.16  0.698033
9841.62  0.6977456
9844.09  0.6967956
9846.56  0.6963195
9849.03  0.6928496
9851.50  0.6930489
9853.96  0.6916562
9856.43  0.6922567
9858.90  0.6915141
9861.37  0.689476
9863.84  0.6888213
9866.31  0.6889145
9868.77  0.6895152
9871.24  0.6869614
9873.71  0.6858864
9876.18  0.687484
9878.65  0.6843036
9881.12  0.6824266
9883.58  0.6833985
9886.05  0.6826014
9888.52  0.6806055
9890.99  0.6793439
9893.46  0.6799115
9895.93  0.6792833
9898.39  0.6763169
9900.86  0.6764439
9903.33  0.6760109
9905.80  0.6744751
9908.27  0.6765459
9910.73  0.6715592
9913.20  0.6727546
9915.67  0.6719244
9918.14  0.6698924
9920.61  0.6688783
9923.08  0.6711555
9925.54  0.6692063
9928.01  0.6678774
9930.48  0.6684656
9932.95  0.6666061
9935.42  0.6636102
9937.89  0.665495
9940.35  0.6626769
9942.82  0.6612232
9945.29  0.6631975
9947.76  0.6633713
9950.23  0.662987
9952.70  0.6609194
9955.16  0.6597798
9957.63  0.6591183
9960.10  0.6575609
9962.57  0.6566775
9965.04  0.6563801
9967.50  0.6557142
9969.97  0.6541687
9972.44  0.6540741
9974.91  0.6519561
9977.38  0.6505852
9979.85  0.6493887
9982.31  0.6487517
9984.78  0.6497815
9987.25  0.6472296
9989.72  0.6456981
9992.19  0.6452866
9994.66  0.6452138
9997.12  0.6437127
9999.59  0.6429959
10002.06  0.6415176
10004.53  0.6408373
10007.00  0.6416547
10009.47  0.6395159
10011.93  0.6381679
10014.40  0.6352834
10016.87  0.6339848
10019.34  0.6346081
10021.81  0.6335965
10024.27  0.6351984
10026.74  0.631557
10029.21  0.6292284
10031.68  0.629896
10034.15  0.6288892
10036.62  0.626779
10039.08  0.6258461
10041.55  0.6264443
10044.02  0.6262967
10046.49  0.6271107
10048.96  0.6247063
10051.43  0.6229509
10053.89  0.6223605
10056.36  0.6201471
10058.83  0.6194696
10061.30  0.6170012
10063.77  0.6189758
10066.24  0.618057
10068.70  0.6144663
10071.17  0.6128489
10073.64  0.6132957
10076.11  0.6122938
10078.58  0.6126144
10081.04  0.6108123
10083.51  0.6089087
10085.98  0.6099556
10088.45  0.6083673
10090.92  0.6084229
10093.39  0.60619
10095.85  0.6067255
10098.32  0.6066181
10100.79  0.6034718
10103.26  0.6033008
10105.73  0.6035301
10108.20  0.6027558
10110.66  0.599429
10113.13  0.5992852
10115.60  0.5984148
10118.07  0.597386
10120.54  0.5940455
10123.01  0.592904
10125.47  0.5907042
10127.94  0.5905631
10130.41  0.5923421
10132.88  0.5893095
10135.35  0.5868462
10137.81  0.5877702
10140.28  0.5865774
10142.75  0.5843863
10145.22  0.5850919
10147.69  0.585162
10150.16  0.5840326
10152.62  0.5810387
10155.09  0.5763757
10157.56  0.5778546
10160.03  0.5798298
10162.50  0.5784003
10164.97  0.5763676
10167.43  0.5777414
10169.90  0.5769994
10172.37  0.5721207
10174.84  0.573579
10177.31  0.5734919
10179.78  0.5705739
10182.24  0.5707662
10184.71  0.5704091
10187.18  0.5701676
10189.65  0.5688501
10192.12  0.5674602
10194.58  0.5655523
10197.05  0.564274
10199.52  0.5634034
10201.99  0.5602103
10204.46  0.5588413
10206.93  0.5586278
10209.39  0.557722
10211.86  0.5567457
10214.33  0.5559392
10216.80  0.5546746
10219.27  0.5546528
10221.74  0.5559123
10224.20  0.5505153
10226.67  0.5509831
10229.14  0.5520078
10231.61  0.5485665
10234.08  0.5448071
10236.55  0.543621
10239.01  0.5405436
10241.48  0.5432119
10243.95  0.5415961
10246.42  0.5420852
10248.89  0.539154
10251.35  0.5382591
10253.82  0.5411267
10256.29  0.5364487
10258.76  0.5358784
10261.23  0.5344291
10263.70  0.5354927
10266.16  0.5360388
10268.63  0.5343031
10271.10  0.5290074
10273.57  0.5283412
10276.04  0.5273963
10278.51  0.5246704
10280.97  0.5239656
10283.44  0.523404
10285.91  0.5275042
10288.38  0.5255767
10290.85  0.5213645
10293.32  0.5199987
10295.78  0.5182628
10298.25  0.5179447
10300.72  0.5175661
10303.19  0.5178041
10305.66  0.5131027
10308.12  0.5125344
10310.59  0.5112572
10313.06  0.5113762
10315.53  0.508772
10318.00  0.5092026
10320.47  0.5084566
10322.93  0.5067621
10325.40  0.5033813
10327.87  0.5033281
10330.34  0.5032277
10332.81  0.5026867
10335.28  0.5009661
10337.74  0.4967267
10340.21  0.4931262
10342.68  0.4931953
10345.15  0.4936492
10347.62  0.4912002
10350.09  0.4915695
10352.55  0.4891383
10355.02  0.4863287
10357.49  0.4885871
10359.96  0.486627
10362.43  0.4849957
10364.89  0.48342
10367.36  0.4826543
10369.83  0.4818088
10372.30  0.4806279
10374.77  0.4796975
10377.24  0.4776436
10379.70  0.4790553
10382.17  0.4769845
10384.64  0.4745129
10387.11  0.4760894
10389.58  0.4739916
10392.05  0.4671825
10394.51  0.4661682
10396.98  0.4682015
10399.45  0.4646661
10401.92  0.4633796
10404.39  0.4673785
10406.86  0.464132
10409.32  0.4616742
10411.79  0.4592807
10414.26  0.4587091
10416.73  0.4570451
10419.20  0.4585322
10421.66  0.4511217
10424.13  0.4482239
10426.60  0.4519112
10429.07  0.4487689
10431.54  0.4451331
10434.01  0.4439404
10436.47  0.4444716
10438.94  0.4434722
10441.41  0.4424765
10443.88  0.4430394
10446.35  0.4393437
10448.82  0.4394713
10451.28  0.4411624
10453.75  0.4358525
10456.22  0.436361
10458.69  0.4365341
10461.16  0.4311213
10463.63  0.4289009
10466.09  0.4267144
10468.56  0.431383
10471.03  0.4280928
10473.50  0.4285012
10475.97  0.4238076
10478.43  0.4188474
10480.90  0.4183284
10483.37  0.4165668
10485.84  0.4192446
10488.31  0.4201633
10490.78  0.4173721
10493.24  0.4179723
10495.71  0.409357
10498.18  0.4145606
10500.65  0.4110609
10503.12  0.4064091
10505.59  0.4044238
10508.05  0.4094769
10510.52  0.4041363
10512.99  0.4054182
10515.46  0.4003286
10517.93  0.3975903
10520.40  0.3995283
10522.86  0.4000981
10525.33  0.397055
10527.80  0.3932502
10530.27  0.3969093
10532.74  0.3947712
10535.20  0.3892787
10537.67  0.3898436
10540.14  0.3873674
10542.61  0.3853174
10545.08  0.3821836
10547.55  0.3842067
10550.01  0.3816534
10552.48  0.3753301
10554.95  0.3793918
10557.42  0.3769692
10559.89  0.3725326
10562.36  0.3747136
10564.82  0.3732101
10567.29  0.3714863
10569.76  0.3746737
10572.23  0.369424
10574.70  0.3644765
10577.17  0.3690177
10579.63  0.3633206
10582.10  0.3595968
10584.57  0.3644585
10587.04  0.3607866
10589.51  0.3536671
10591.98  0.357547
10594.44  0.3561684
10596.91  0.3514514
10599.38  0.3523609
10601.85  0.350053
10604.32  0.3520169
10606.78  0.3522631
10609.25  0.3469681
10611.72  0.3442662
10614.19  0.3441723
10616.66  0.3444512
10619.13  0.3417723
10621.59  0.342477
10624.06  0.3426192
10626.53  0.3399397
10629.00  0.3417961
10631.47  0.3364131
10633.94  0.3364049
10636.40  0.3371843
10638.87  0.3344772
10641.34  0.3291976
10643.81  0.3254034
10646.28  0.3250797
10648.75  0.3234413
10651.21  0.3197984
10653.68  0.3265533
10656.15  0.3258716
10658.62  0.3245471
10661.09  0.3203441
10663.55  0.3128437
10666.02  0.3198204
10668.49  0.3161473
10670.96  0.3129047
10673.43  0.3104636
10675.90  0.3171774
10678.36  0.3111998
10680.83  0.3038099
10683.30  0.3040593
10685.77  0.3031479
10688.24  0.3047255
10690.71  0.3044083
10693.17  0.306511
10695.64  0.3028734
10698.11  0.2974268
10700.58  0.2955517
10703.05  0.2916196
10705.52  0.2920842
10707.98  0.2942448
10710.45  0.29282
10712.92  0.2854577
10715.39  0.2861979
10717.86  0.2888154
10720.32  0.2814761
10722.79  0.2810785
10725.26  0.2859328
10727.73  0.2874682
10730.20  0.2812268
10732.67  0.2758917
10735.13  0.2798387
10737.60  0.2739511
10740.07  0.2728134
10742.54  0.2736898
10745.01  0.2706847
10747.48  0.2747015
10749.94  0.2729656
10752.41  0.2683606
10754.88  0.2672705
10757.35  0.2663836
10759.82  0.2668602
10762.29  0.2649603
10764.75  0.261444
10767.22  0.2591715
10769.69  0.2618838
10772.16  0.2607659
10774.63  0.2597763
10777.09  0.2656393
10779.56  0.2607294
10782.03  0.2561086
10784.50  0.2592884
10786.97  0.2592457
10789.44  0.2545307
10791.90  0.2522031
10794.37  0.2478073
10796.84  0.2451605
10799.31  0.2468355
10801.78  0.2527984
10804.25  0.24959
10806.71  0.2494137
10809.18  0.2458651
10811.65  0.2415772
10814.12  0.2387007
10816.59  0.2375306
10819.06  0.2350398
10821.52  0.2371918
10823.99  0.2399537
10826.46  0.2309469
10828.93  0.23421
10831.40  0.2308467
10833.86  0.2333818
10836.33  0.2302036
10838.80  0.2246366
10841.27  0.2301669
10843.74  0.2277402
10846.21  0.2230922
10848.67  0.2221842
10851.14  0.2326482
10853.61  0.2258531
10856.08  0.2165974
10858.55  0.2184221
10861.02  0.2192659
10863.48  0.2239538
10865.95  0.2242325
10868.42  0.2151633
10870.89  0.2139069
10873.36  0.2152868
10875.83  0.215593
10878.29  0.2152022
10880.76  0.2119919
10883.23  0.2137457
10885.70  0.2147141
10888.17  0.2126777
10890.63  0.2034213
10893.10  0.2081009
10895.57  0.2099088
10898.04  0.1998687
10900.51  0.2019344
10902.98  0.1991511
10905.44  0.1988252
10907.91  0.1984274
10910.38  0.1924756
10912.85  0.1965094
10915.32  0.2000258
10917.79  0.1946555
10920.25  0.1920783
10922.72  0.196505
10925.19  0.1932916
10927.66  0.1904768
10930.13  0.1858957
10932.60  0.1874841
10935.06  0.1873777
10937.53  0.1874776
10940.00  0.1882506
10942.47  0.1878225
10944.94  0.1843884
10947.40  0.1867521
10949.87  0.185546
10952.34  0.18659
10954.81  0.1853654
10957.28  0.1746307
10959.75  0.1751906
10962.21  0.1762868
10964.68  0.1772422
10967.15  0.1794855
10969.62  0.1787923
10972.09  0.1799368
10974.56  0.178118
10977.02  0.1792848
10979.49  0.181552
10981.96  0.1778414
10984.43  0.1742188
10986.90  0.1715726
10989.37  0.1687035
10991.83  0.1656646
10994.30  0.1630623
10996.77  0.1677401
10999.24  0.1660563
11001.71  0.1641916
11004.17  0.1687464
11006.64  0.1673426
11009.11  0.1629563
11011.58  0.1605512
11014.05  0.1626639
11016.52  0.1648223
11018.98  0.1589867
11021.45  0.1586428
11023.92  0.1599054
11026.39  0.1606752
11028.86  0.1571667
11031.33  0.1521015
11033.79  0.1515676
11036.26  0.152096
11038.73  0.1524391
11041.20  0.1482727
11043.67  0.1557108
11046.14  0.1561499
11048.60  0.1483018
11051.07  0.1469218
11053.54  0.1466127
11056.01  0.1458295
11058.48  0.146288
11060.94  0.1479311
11063.41  0.1427785
11065.88  0.1423572
11068.35  0.1470121
11070.82  0.1431293
11073.29  0.1402277
11075.75  0.1394214
11078.22  0.1422001
11080.69  0.1438918
11083.16  0.1402416
11085.63  0.137606
11088.10  0.1337853
11090.56  0.1401701
11093.03  0.1392623
11095.50  0.133104
11097.97  0.1311997
11100.44  0.1382509
11102.91  0.1447949
11105.37  0.1408093
11107.84  0.1354528
11110.31  0.1351689
11112.78  0.1366691
11115.25  0.1349026
11117.71  0.1345883
11120.18  0.1342561
11122.65  0.1358347
11125.12  0.1324339
11127.59  0.1249553
11130.06  0.1279933
11132.52  0.1309158
11134.99  0.129664
11137.46  0.1296928
11139.93  0.1252609
11142.40  0.1246348
11144.87  0.1216656
11147.33  0.123401
11149.80  0.1249137
11152.27  0.1257043
11154.74  0.1243051
11157.21  0.1206459
11159.68  0.1240297
11162.14  0.1232476
11164.61  0.1234055
11167.08  0.1230942
11169.55  0.1156743
11172.02  0.1104317
11174.48  0.1161173
11176.95  0.1153494
11179.42  0.110095
11181.89  0.1165871
11184.36  0.1179899
11186.83  0.1182213
11189.29  0.1148428
11191.76  0.1137109
11194.23  0.1162323
11196.70  0.1101372
11199.17  0.10557
11201.64  0.1135064
11204.10  0.1102374
11206.57  0.1073172
11209.04  0.1060325
11211.51  0.1042153
11213.98  0.1058335
11216.45  0.1077839
11218.91  0.1092998
11221.38  0.1101141
11223.85  0.1061994
11226.32  0.09625481
11228.79  0.1045542
11231.25  0.1077953
11233.72  0.1030537
11236.19  0.1037985
11238.66  0.1067688
11241.13  0.1071508
11243.60  0.1010928
11246.06  0.09874308
11248.53  0.09572607
11251.00  0.09572693
11253.47  0.09458736
11255.94  0.09631273
11258.41  0.09632951
11260.87  0.09023689
11263.34  0.09589212
11265.81  0.0875307
11268.28  0.09429202
11270.75  0.09956755
11273.22  0.08465724
