#COMMENT  Filtro SDT Uspec
#ORIGFILE SDT_Uspec.txt
#ZPNT       -0.890
#SKYMAG     22.937  22.454  20.867  19.463  18.000
  3250.  0.
  3251.  0.00700000627
  3252.  0.014000006
  3253.  0.0210000053
  3254.  0.0280000046
  3255.  0.0350000039
  3256.  0.0420000032
  3257.  0.0490000062
  3258.  0.0560000055
  3259.  0.063000001
  3260.  0.0700000077
  3261.  0.077000007
  3262.  0.0840000063
  3263.  0.0910000056
  3264.  0.0980000049
  3265.  0.105000004
  3266.  0.112000003
  3267.  0.119000003
  3268.  0.126000002
  3269.  0.133000001
  3270.  0.140000001
  3271.  0.147
  3272.  0.153999999
  3273.  0.160999998
  3274.  0.167999998
  3275.  0.174999997
  3276.  0.181999996
  3277.  0.188999996
  3278.  0.195999995
  3279.  0.202999994
  3280.  0.209999993
  3281.  0.216999993
  3282.  0.223999992
  3283.  0.230999991
  3284.  0.238000005
  3285.  0.245000005
  3286.  0.252000004
  3287.  0.259000003
  3288.  0.266000003
  3289.  0.273000002
  3290.  0.280000001
  3291.  0.287
  3292.  0.294
  3293.  0.300999999
  3294.  0.307999998
  3295.  0.314999998
  3296.  0.321999997
  3297.  0.328999996
  3298.  0.335999995
  3299.  0.342999995
  3300.  0.349999994
  3301.  0.356999993
  3302.  0.363999993
  3303.  0.370999992
  3304.  0.377999991
  3305.  0.38499999
  3306.  0.39199999
  3307.  0.398999989
  3308.  0.405999988
  3309.  0.412999988
  3310.  0.419999987
  3311.  0.426999986
  3312.  0.433999985
  3313.  0.440999985
  3314.  0.447999984
  3315.  0.454999983
  3316.  0.461999983
  3317.  0.468999982
  3318.  0.476000011
  3319.  0.48300001
  3320.  0.49000001
  3321.  0.497000009
  3322.  0.504000008
  3323.  0.510999978
  3324.  0.518000007
  3325.  0.524999976
  3326.  0.532000005
  3327.  0.538999975
  3328.  0.546000004
  3329.  0.552999973
  3330.  0.560000002
  3331.  0.566999972
  3332.  0.574000001
  3333.  0.58099997
  3334.  0.588
  3335.  0.594999969
  3336.  0.601999998
  3337.  0.608999968
  3338.  0.615999997
  3339.  0.622999966
  3340.  0.629999995
  3341.  0.636999965
  3342.  0.643999994
  3343.  0.650999963
  3344.  0.657999992
  3345.  0.664999962
  3346.  0.671999991
  3347.  0.67899996
  3348.  0.68599999
  3349.  0.692999959
  3350.  0.699999988
  3351.  0.70014286
  3352.  0.700285733
  3353.  0.700428545
  3354.  0.700571418
  3355.  0.70071429
  3356.  0.700857162
  3357.  0.700999975
  3358.  0.701142848
  3359.  0.70128572
  3360.  0.701428533
  3361.  0.701571405
  3362.  0.701714277
  3363.  0.70185715
  3364.  0.701999962
  3365.  0.702142835
  3366.  0.702285707
  3367.  0.702428579
  3368.  0.702571392
  3369.  0.702714264
  3370.  0.702857137
  3371.  0.703000009
  3372.  0.703142822
  3373.  0.703285694
  3374.  0.703428566
  3375.  0.703571439
  3376.  0.703714252
  3377.  0.703857124
  3378.  0.703999996
  3379.  0.704142869
  3380.  0.704285681
  3381.  0.704428554
  3382.  0.704571426
  3383.  0.704714298
  3384.  0.704857111
  3385.  0.704999983
  3386.  0.705142856
  3387.  0.705285728
  3388.  0.705428541
  3389.  0.705571413
  3390.  0.705714285
  3391.  0.705857158
  3392.  0.70599997
  3393.  0.706142843
  3394.  0.706285715
  3395.  0.706428587
  3396.  0.7065714
  3397.  0.706714272
  3398.  0.706857145
  3399.  0.707000017
  3400.  0.70714283
  3401.  0.707285702
  3402.  0.707428575
  3403.  0.707571447
  3404.  0.70771426
  3405.  0.707857132
  3406.  0.708000004
  3407.  0.708142877
  3408.  0.708285689
  3409.  0.708428562
  3410.  0.708571434
  3411.  0.708714306
  3412.  0.708857119
  3413.  0.708999991
  3414.  0.709142864
  3415.  0.709285736
  3416.  0.709428549
  3417.  0.709571421
  3418.  0.709714293
  3419.  0.709857106
  3420.  0.709999979
  3421.  0.710142851
  3422.  0.710285723
  3423.  0.710428536
  3424.  0.710571408
  3425.  0.710714281
  3426.  0.710857153
  3427.  0.710999966
  3428.  0.711142838
  3429.  0.71128571
  3430.  0.711428583
  3431.  0.711571395
  3432.  0.711714268
  3433.  0.71185714
  3434.  0.712000012
  3435.  0.712142825
  3436.  0.712285697
  3437.  0.71242857
  3438.  0.712571442
  3439.  0.712714255
  3440.  0.712857127
  3441.  0.713
  3442.  0.713142872
  3443.  0.713285685
  3444.  0.713428557
  3445.  0.713571429
  3446.  0.713714302
  3447.  0.713857114
  3448.  0.713999987
  3449.  0.714142859
  3450.  0.714285731
  3451.  0.714428544
  3452.  0.714571416
  3453.  0.714714289
  3454.  0.714857161
  3455.  0.714999974
  3456.  0.715142846
  3457.  0.715285718
  3458.  0.715428591
  3459.  0.715571404
  3460.  0.715714276
  3461.  0.715857148
  3462.  0.716000021
  3463.  0.716142833
  3464.  0.716285706
  3465.  0.716428578
  3466.  0.71657145
  3467.  0.716714263
  3468.  0.716857135
  3469.  0.717000008
  3470.  0.71714288
  3471.  0.717285693
  3472.  0.717428565
  3473.  0.717571437
  3474.  0.71771425
  3475.  0.717857122
  3476.  0.717999995
  3477.  0.718142867
  3478.  0.71828568
  3479.  0.718428552
  3480.  0.718571424
  3481.  0.718714297
  3482.  0.71885711
  3483.  0.718999982
  3484.  0.719142854
  3485.  0.719285727
  3486.  0.719428539
  3487.  0.719571412
  3488.  0.719714284
  3489.  0.719857156
  3490.  0.719999969
  3491.  0.720142841
  3492.  0.720285714
  3493.  0.720428586
  3494.  0.720571399
  3495.  0.720714271
  3496.  0.720857143
  3497.  0.721000016
  3498.  0.721142828
  3499.  0.721285701
  3500.  0.721428573
  3501.  0.721571445
  3502.  0.721714258
  3503.  0.721857131
  3504.  0.722000003
  3505.  0.722142875
  3506.  0.722285688
  3507.  0.72242856
  3508.  0.722571433
  3509.  0.722714305
  3510.  0.722857118
  3511.  0.72299999
  3512.  0.723142862
  3513.  0.723285735
  3514.  0.723428547
  3515.  0.72357142
  3516.  0.723714292
  3517.  0.723857164
  3518.  0.723999977
  3519.  0.724142849
  3520.  0.724285722
  3521.  0.724428594
  3522.  0.724571407
  3523.  0.724714279
  3524.  0.724857152
  3525.  0.725000024
  3526.  0.725142837
  3527.  0.725285709
  3528.  0.725428581
  3529.  0.725571454
  3530.  0.725714266
  3531.  0.725857139
  3532.  0.726000011
  3533.  0.726142824
  3534.  0.726285696
  3535.  0.726428568
  3536.  0.726571441
  3537.  0.726714253
  3538.  0.726857126
  3539.  0.726999998
  3540.  0.72714287
  3541.  0.727285683
  3542.  0.727428555
  3543.  0.727571428
  3544.  0.7277143
  3545.  0.727857113
  3546.  0.727999985
  3547.  0.728142858
  3548.  0.72828573
  3549.  0.728428543
  3550.  0.728571415
  3551.  0.728714287
  3552.  0.72885716
  3553.  0.728999972
  3554.  0.729142845
  3555.  0.729285717
  3556.  0.729428589
  3557.  0.729571402
  3558.  0.729714274
  3559.  0.729857147
  3560.  0.730000019
  3561.  0.730142832
  3562.  0.730285704
  3563.  0.730428576
  3564.  0.730571449
  3565.  0.730714262
  3566.  0.730857134
  3567.  0.731000006
  3568.  0.731142879
  3569.  0.731285691
  3570.  0.731428564
  3571.  0.731571436
  3572.  0.731714308
  3573.  0.731857121
  3574.  0.731999993
  3575.  0.732142866
  3576.  0.732285738
  3577.  0.732428551
  3578.  0.732571423
  3579.  0.732714295
  3580.  0.732857168
  3581.  0.73299998
  3582.  0.733142853
  3583.  0.733285725
  3584.  0.733428597
  3585.  0.73357141
  3586.  0.733714283
  3587.  0.733857155
  3588.  0.733999968
  3589.  0.73414284
  3590.  0.734285712
  3591.  0.734428585
  3592.  0.734571397
  3593.  0.73471427
  3594.  0.734857142
  3595.  0.735000014
  3596.  0.735142827
  3597.  0.735285699
  3598.  0.735428572
  3599.  0.735571444
  3600.  0.735714257
  3601.  0.735857129
  3602.  0.736000001
  3603.  0.736142874
  3604.  0.736285686
  3605.  0.736428559
  3606.  0.736571431
  3607.  0.736714303
  3608.  0.736857116
  3609.  0.736999989
  3610.  0.737142861
  3611.  0.737285733
  3612.  0.737428546
  3613.  0.737571418
  3614.  0.737714291
  3615.  0.737857163
  3616.  0.737999976
  3617.  0.738142848
  3618.  0.73828572
  3619.  0.738428593
  3620.  0.738571405
  3621.  0.738714278
  3622.  0.73885715
  3623.  0.739000022
  3624.  0.739142835
  3625.  0.739285707
  3626.  0.73942858
  3627.  0.739571452
  3628.  0.739714265
  3629.  0.739857137
  3630.  0.74000001
  3631.  0.740142882
  3632.  0.740285695
  3633.  0.740428567
  3634.  0.740571439
  3635.  0.740714312
  3636.  0.740857124
  3637.  0.740999997
  3638.  0.741142869
  3639.  0.741285741
  3640.  0.741428554
  3641.  0.741571426
  3642.  0.741714299
  3643.  0.741857171
  3644.  0.741999984
  3645.  0.742142856
  3646.  0.742285728
  3647.  0.742428541
  3648.  0.742571414
  3649.  0.742714286
  3650.  0.742857158
  3651.  0.742999971
  3652.  0.743142843
  3653.  0.743285716
  3654.  0.743428588
  3655.  0.743571401
  3656.  0.743714273
  3657.  0.743857145
  3658.  0.744000018
  3659.  0.74414283
  3660.  0.744285703
  3661.  0.744428575
  3662.  0.744571447
  3663.  0.74471426
  3664.  0.744857132
  3665.  0.745000005
  3666.  0.745142877
  3667.  0.74528569
  3668.  0.745428562
  3669.  0.745571434
  3670.  0.745714307
  3671.  0.74585712
  3672.  0.745999992
  3673.  0.746142864
  3674.  0.746285737
  3675.  0.746428549
  3676.  0.746571422
  3677.  0.746714294
  3678.  0.746857166
  3679.  0.746999979
  3680.  0.747142851
  3681.  0.747285724
  3682.  0.747428596
  3683.  0.747571409
  3684.  0.747714281
  3685.  0.747857153
  3686.  0.748000026
  3687.  0.748142838
  3688.  0.748285711
  3689.  0.748428583
  3690.  0.748571455
  3691.  0.748714268
  3692.  0.748857141
  3693.  0.749000013
  3694.  0.749142885
  3695.  0.749285698
  3696.  0.74942857
  3697.  0.749571443
  3698.  0.749714315
  3699.  0.749857128
  3700.  0.75
  3701.  0.748000026
  3702.  0.745999992
  3703.  0.744000018
  3704.  0.741999984
  3705.  0.74000001
  3706.  0.737999976
  3707.  0.736000001
  3708.  0.734000027
  3709.  0.731999993
  3710.  0.730000019
  3711.  0.727999985
  3712.  0.726000011
  3713.  0.723999977
  3714.  0.722000003
  3715.  0.720000029
  3716.  0.717999995
  3717.  0.716000021
  3718.  0.713999987
  3719.  0.712000012
  3720.  0.709999979
  3721.  0.708000004
  3722.  0.70600003
  3723.  0.703999996
  3724.  0.702000022
  3725.  0.699999988
  3726.  0.698000014
  3727.  0.69599998
  3728.  0.694000006
  3729.  0.692000031
  3730.  0.689999998
  3731.  0.688000023
  3732.  0.68599999
  3733.  0.684000015
  3734.  0.681999981
  3735.  0.680000007
  3736.  0.677999973
  3737.  0.675999999
  3738.  0.674000025
  3739.  0.671999991
  3740.  0.670000017
  3741.  0.667999983
  3742.  0.666000009
  3743.  0.663999975
  3744.  0.662
  3745.  0.660000026
  3746.  0.657999992
  3747.  0.656000018
  3748.  0.653999984
  3749.  0.65200001
  3750.  0.649999976
  3751.  0.648000002
  3752.  0.646000028
  3753.  0.643999994
  3754.  0.64200002
  3755.  0.639999986
  3756.  0.638000011
  3757.  0.635999978
  3758.  0.634000003
  3759.  0.632000029
  3760.  0.629999995
  3761.  0.628000021
  3762.  0.625999987
  3763.  0.624000013
  3764.  0.621999979
  3765.  0.620000005
  3766.  0.618000031
  3767.  0.615999997
  3768.  0.614000022
  3769.  0.611999989
  3770.  0.610000014
  3771.  0.60799998
  3772.  0.606000006
  3773.  0.604000032
  3774.  0.601999998
  3775.  0.600000024
  3776.  0.59799999
  3777.  0.596000016
  3778.  0.593999982
  3779.  0.592000008
  3780.  0.590000033
  3781.  0.588
  3782.  0.586000025
  3783.  0.583999991
  3784.  0.582000017
  3785.  0.579999983
  3786.  0.578000009
  3787.  0.576000035
  3788.  0.574000001
  3789.  0.572000027
  3790.  0.569999993
  3791.  0.568000019
  3792.  0.565999985
  3793.  0.56400001
  3794.  0.562000036
  3795.  0.560000002
  3796.  0.558000028
  3797.  0.555999994
  3798.  0.55400002
  3799.  0.551999986
  3800.  0.550000012
  3801.  0.546000004
  3802.  0.541999996
  3803.  0.537999988
  3804.  0.533999979
  3805.  0.530000031
  3806.  0.526000023
  3807.  0.522000015
  3808.  0.518000007
  3809.  0.513999999
  3810.  0.50999999
  3811.  0.505999982
  3812.  0.501999974
  3813.  0.497999996
  3814.  0.493999988
  3815.  0.49000001
  3816.  0.486000001
  3817.  0.481999993
  3818.  0.477999985
  3819.  0.474000007
  3820.  0.469999999
  3821.  0.465999991
  3822.  0.462000012
  3823.  0.458000004
  3824.  0.453999996
  3825.  0.449999988
  3826.  0.44600001
  3827.  0.442000002
  3828.  0.437999994
  3829.  0.433999985
  3830.  0.430000007
  3831.  0.425999999
  3832.  0.421999991
  3833.  0.417999983
  3834.  0.414000005
  3835.  0.409999996
  3836.  0.405999988
  3837.  0.40200001
  3838.  0.398000002
  3839.  0.393999994
  3840.  0.389999986
  3841.  0.386000007
  3842.  0.381999999
  3843.  0.377999991
  3844.  0.373999983
  3845.  0.370000005
  3846.  0.365999997
  3847.  0.361999989
  3848.  0.35799998
  3849.  0.354000002
  3850.  0.349999994
  3851.  0.344000012
  3852.  0.338
  3853.  0.332000017
  3854.  0.326000005
  3855.  0.319999993
  3856.  0.31400001
  3857.  0.307999998
  3858.  0.302000016
  3859.  0.296000004
  3860.  0.289999992
  3861.  0.284000009
  3862.  0.277999997
  3863.  0.272000015
  3864.  0.266000003
  3865.  0.25999999
  3866.  0.254000008
  3867.  0.247999996
  3868.  0.241999999
  3869.  0.236000001
  3870.  0.230000004
  3871.  0.224000007
  3872.  0.217999995
  3873.  0.211999997
  3874.  0.206
  3875.  0.200000003
  3876.  0.194000006
  3877.  0.188000008
  3878.  0.181999996
  3879.  0.175999999
  3880.  0.170000002
  3881.  0.164000005
  3882.  0.158000007
  3883.  0.151999995
  3884.  0.145999998
  3885.  0.140000001
  3886.  0.134000003
  3887.  0.128000006
  3888.  0.122000001
  3889.  0.116000004
  3890.  0.109999999
  3891.  0.104000002
  3892.  0.0980000049
  3893.  0.0920000002
  3894.  0.0860000029
  3895.  0.0799999982
  3896.  0.074000001
  3897.  0.0680000037
  3898.  0.061999999
  3899.  0.0560000017
  3900.  0.0500000007
  3901.  0.0495000035
  3902.  0.0490000024
  3903.  0.0485000014
  3904.  0.0480000004
  3905.  0.0475000031
  3906.  0.0470000021
  3907.  0.0465000011
  3908.  0.0460000038
  3909.  0.0455000028
  3910.  0.0450000018
  3911.  0.0445000008
  3912.  0.0440000035
  3913.  0.0435000025
  3914.  0.0430000015
  3915.  0.0425000004
  3916.  0.0420000032
  3917.  0.0415000021
  3918.  0.0410000011
  3919.  0.0405000001
  3920.  0.0400000028
  3921.  0.0395000018
  3922.  0.0390000008
  3923.  0.0385000035
  3924.  0.0380000025
  3925.  0.0375000015
  3926.  0.0370000005
  3927.  0.0365000032
  3928.  0.0360000022
  3929.  0.0355000012
  3930.  0.0350000001
  3931.  0.0345000029
  3932.  0.0340000018
  3933.  0.0335000008
  3934.  0.0329999998
  3935.  0.0325000025
  3936.  0.0320000015
  3937.  0.0315000005
  3938.  0.0310000014
  3939.  0.0305000022
  3940.  0.0300000012
  3941.  0.029500002
  3942.  0.029000001
  3943.  0.0285000019
  3944.  0.0280000009
  3945.  0.0275000017
  3946.  0.0270000007
  3947.  0.0265000015
  3948.  0.0260000005
  3949.  0.0255000014
  3950.  0.0250000004
  3951.  0.0245000012
  3952.  0.0240000002
  3953.  0.0235000011
  3954.  0.0230000019
  3955.  0.0225000009
  3956.  0.0220000017
  3957.  0.0215000007
  3958.  0.0210000016
  3959.  0.0205000006
  3960.  0.0200000014
  3961.  0.0195000004
  3962.  0.0190000013
  3963.  0.0185000002
  3964.  0.0180000011
  3965.  0.0175000001
  3966.  0.0170000009
  3967.  0.0164999999
  3968.  0.0160000008
  3969.  0.0155000007
  3970.  0.0150000006
  3971.  0.0145000005
  3972.  0.0140000004
  3973.  0.0135000004
  3974.  0.0130000003
  3975.  0.0125000002
  3976.  0.0120000001
  3977.  0.011500001
  3978.  0.0110000009
  3979.  0.0105000008
  3980.  0.0100000007
  3981.  0.00950000063
  3982.  0.00900000054
  3983.  0.00850000046
  3984.  0.00800000038
  3985.  0.0075000003
  3986.  0.00700000022
  3987.  0.00650000013
  3988.  0.00600000005
  3989.  0.00550000044
  3990.  0.00500000035
  3991.  0.00450000027
  3992.  0.00400000019
  3993.  0.00350000011
  3994.  0.00300000003
  3995.  0.00250000018
  3996.  0.00200000009
  3997.  0.00150000001
  3998.  0.00100000005
  3999.  0.000500000024
  4000.  0.00
