      2998.75      0.00000
      3000.89     0.332308
      3003.03     0.321429
      3005.16     0.334683
      3007.30     0.288920
      3009.44     0.269620
      3011.58     0.326969
      3013.72     0.224822
      3015.85     0.243590
      3017.99     0.218391
      3020.13     0.256679
      3022.27     0.280510
      3024.41     0.246416
      3026.54     0.208703
      3028.68     0.248916
      3030.82     0.245540
      3032.96     0.251732
      3035.10     0.294461
      3037.23     0.246658
      3039.37     0.257090
      3041.51     0.278081
      3043.65     0.261848
      3045.79     0.276643
      3047.92     0.351058
      3050.06     0.338667
      3052.20     0.339468
      3054.34     0.382797
      3056.48     0.402153
      3058.61     0.453327
      3060.75     0.472517
      3062.89     0.478812
      3065.03     0.451964
      3067.17     0.514660
      3069.30     0.538944
      3071.44     0.555677
      3073.58     0.574938
      3075.72     0.576329
      3077.86     0.632033
      3079.99     0.602602
      3082.13     0.646890
      3084.27     0.633973
      3086.41     0.644680
      3088.55     0.634571
      3090.68     0.633537
      3092.82     0.636581
      3094.96     0.664421
      3097.10     0.622029
      3099.24     0.624508
      3101.37     0.665167
      3103.51     0.638067
      3105.65     0.657517
      3107.79     0.650441
      3109.93     0.630370
      3112.06     0.637160
      3114.20     0.664232
      3116.34     0.663815
      3118.48     0.661085
      3120.62     0.661742
      3122.75     0.656139
      3124.89     0.674720
      3127.03     0.669412
      3129.17     0.676806
      3131.31     0.669661
      3133.44     0.691067
      3135.58     0.671755
      3137.72     0.681010
      3139.86     0.678369
      3142.00     0.675066
      3144.13     0.683980
      3146.27     0.690703
      3148.41     0.676534
      3150.55     0.674465
      3152.69     0.707227
      3154.82     0.695895
      3156.96     0.697107
      3159.10     0.691314
      3161.24     0.690086
      3163.38     0.705214
      3165.51     0.709524
      3167.65     0.707692
      3169.79     0.712453
      3171.93     0.707816
      3174.07     0.703397
      3176.20     0.720654
      3178.34     0.727885
      3180.48     0.707361
      3182.62     0.726199
      3184.76     0.705155
      3186.89     0.728726
      3189.03     0.719656
      3191.17     0.722862
      3193.31     0.711121
      3195.45     0.720369
      3197.58     0.715645
      3199.72     0.717997
      3201.86     0.710988
      3204.00     0.713451
      3206.14     0.720919
      3208.27     0.717860
      3210.41     0.733303
      3212.55     0.715900
      3214.69     0.735789
      3216.83     0.730486
      3218.96     0.741189
      3221.10     0.726321
      3223.24     0.724185
      3225.38     0.747362
      3227.52     0.739099
      3229.65     0.743287
      3231.79     0.739883
      3233.93     0.755618
      3236.07     0.751375
      3238.21     0.761018
      3240.34     0.750131
      3242.48     0.740032
      3244.62     0.739933
      3246.76     0.752309
      3248.90     0.739484
      3251.03     0.736488
      3253.17     0.739418
      3255.31     0.731874
      3257.45     0.737678
      3259.59     0.729566
      3261.72     0.728112
      3263.86     0.739224
      3266.00     0.726448
      3268.14     0.716390
      3270.28     0.718704
      3272.41     0.730646
      3274.55     0.729694
      3276.69     0.735820
      3278.83     0.733837
      3280.97     0.735648
      3283.10     0.738525
      3285.24     0.727081
      3287.38     0.734580
      3289.52     0.739285
      3291.66     0.736566
      3293.79     0.731574
      3295.93     0.738667
      3298.07     0.732572
      3300.21     0.728308
      3302.35     0.733417
      3304.48     0.732960
      3306.62     0.733437
      3308.76     0.731559
      3310.90     0.735323
      3313.04     0.748564
      3315.17     0.721580
      3317.31     0.733023
      3319.45     0.742533
      3321.59     0.736930
      3323.73     0.735883
      3325.86     0.734036
      3328.00     0.745878
      3330.14     0.747145
      3332.28     0.755996
      3334.42     0.749438
      3336.55     0.744050
      3338.69     0.741055
      3340.83     0.758817
      3342.97     0.757959
      3345.11     0.750936
      3347.24     0.744699
      3349.38     0.747049
      3351.52     0.753064
      3353.66     0.758198
      3355.80     0.756545
      3357.93     0.770407
      3360.07     0.762237
      3362.21     0.757612
      3364.35     0.767750
      3366.49     0.770299
      3368.62     0.773247
      3370.76     0.778852
      3372.90     0.770974
      3375.04     0.773639
      3377.18     0.783047
      3379.31     0.779955
      3381.45     0.775540
      3383.59     0.777985
      3385.73     0.782536
      3387.87     0.776031
      3390.00     0.786612
      3392.14     0.779693
      3394.28     0.781237
      3396.42     0.793119
      3398.56     0.773162
      3400.69     0.780102
      3402.83     0.791446
      3404.97     0.792436
      3407.11     0.787052
      3409.25     0.783503
      3411.38     0.791856
      3413.52     0.780731
      3415.66     0.793575
      3417.80     0.791835
      3419.94     0.789218
      3422.07     0.784693
      3424.21     0.790374
      3426.35     0.784403
      3428.49     0.787577
      3430.63     0.783579
      3432.76     0.791246
      3434.90     0.784965
      3437.04     0.806117
      3439.18     0.778599
      3441.32     0.785466
      3443.45     0.794057
      3445.59     0.788368
      3447.73     0.780096
      3449.87     0.784432
      3452.01     0.788808
      3454.14     0.774893
      3456.28     0.786354
      3458.42     0.785994
      3460.56     0.777852
      3462.70     0.776447
      3464.83     0.782106
      3466.97     0.772183
      3469.11     0.774835
      3471.25     0.771274
      3473.39     0.776788
      3475.52     0.773606
      3477.66     0.771325
      3479.80     0.789486
      3481.94     0.765480
      3484.08     0.766154
      3486.21     0.771111
      3488.35     0.770984
      3490.49     0.777543
      3492.63     0.768782
      3494.77     0.767098
      3496.90     0.766632
      3499.04     0.757778
      3501.18     0.766781
      3503.32     0.758651
      3505.46     0.760393
      3507.59     0.759534
      3509.73     0.770807
      3511.87     0.760563
      3514.01     0.763490
      3516.15     0.768487
      3518.28     0.759080
      3520.42     0.762952
      3522.56     0.765711
      3524.70     0.762936
      3526.84     0.768040
      3528.97     0.778416
      3531.11     0.768375
      3533.25     0.770548
      3535.39     0.765414
      3537.53     0.770117
      3539.66     0.773140
      3541.80     0.770779
      3543.94     0.762822
      3546.08     0.770726
      3548.22     0.761059
      3550.35     0.767536
      3552.49     0.762894
      3554.63     0.751134
      3556.77     0.750972
      3558.91     0.744454
      3561.04     0.751863
      3563.18     0.750569
      3565.32     0.752950
      3567.46     0.742156
      3569.60     0.745514
      3571.73     0.733058
      3573.87     0.746382
      3576.01     0.730071
      3578.15     0.738661
      3580.29     0.738567
      3582.42     0.736056
      3584.56     0.734733
      3586.70     0.742173
      3588.84     0.742845
      3590.98     0.739384
      3593.11     0.729541
      3595.25     0.738031
      3597.39     0.736589
      3599.53     0.733577
      3601.67     0.739509
      3603.80     0.735036
      3605.94     0.742661
      3608.08     0.749145
      3610.22     0.728362
      3612.36     0.731477
      3614.49     0.733849
      3616.63     0.738032
      3618.77     0.731521
      3620.91     0.715899
      3623.05     0.719253
      3625.18     0.722603
      3627.32     0.716688
      3629.46     0.710160
      3631.60     0.699849
      3633.74     0.699573
      3635.87     0.695146
      3638.01     0.690527
      3640.15     0.673736
      3642.29     0.674176
      3644.43     0.680044
      3646.56     0.654854
      3648.70     0.657627
      3650.84     0.650898
      3652.98     0.652908
      3655.12     0.647591
      3657.25     0.644736
      3659.39     0.638861
      3661.53     0.637500
      3663.67     0.630417
      3665.81     0.629776
      3667.94     0.631142
      3670.08     0.626793
      3672.22     0.619907
      3674.36     0.620537
      3676.50     0.610607
      3678.63     0.611423
      3680.77     0.613765
      3682.91     0.615037
      3685.05     0.605334
      3687.19     0.603079
      3689.32     0.604462
      3691.46     0.597581
      3693.60     0.601306
      3695.74     0.588368
      3697.88     0.580709
      3700.01     0.574603
      3702.15     0.569046
      3704.29     0.561142
      3706.43     0.554643
      3708.57     0.548606
      3710.70     0.539895
      3712.84     0.535811
      3714.98     0.520885
      3717.12     0.512990
      3719.26     0.507597
      3721.39     0.508562
      3723.53     0.490703
      3725.67     0.488237
      3727.81     0.474681
      3729.95     0.467885
      3732.08     0.466148
      3734.22     0.450367
      3736.36     0.449023
      3738.50     0.437512
      3740.64     0.428912
      3742.77     0.430258
      3744.91     0.423014
      3747.05     0.420248
      3749.19     0.408445
      3751.33     0.400205
      3753.46     0.397025
      3755.60     0.388773
      3757.74     0.384434
      3759.88     0.380536
      3762.02     0.372204
      3764.15     0.369177
      3766.29     0.362955
      3768.43     0.353973
      3770.57     0.349908
      3772.71     0.340788
      3774.84     0.334707
      3776.98     0.328651
      3779.12     0.322250
      3781.26     0.313896
      3783.40     0.309766
      3785.53     0.296633
      3787.67     0.295296
      3789.81     0.284177
      3791.95     0.275442
      3794.09     0.268023
      3796.22     0.260639
      3798.36     0.253258
      3800.50     0.248965
      3802.64     0.239615
      3804.78     0.233974
      3806.91     0.221798
      3809.05     0.218158
      3811.19     0.208208
      3813.33     0.202043
      3815.47     0.195099
      3817.60     0.191359
      3819.74     0.181589
      3821.88     0.178417
      3824.02     0.169599
      3826.16     0.165457
      3828.29     0.155733
      3830.43     0.152169
      3832.57     0.145951
      3834.71     0.139111
      3836.85     0.131890
      3838.98     0.125487
      3841.12     0.121371
      3843.26     0.116078
      3845.40     0.113109
      3847.54     0.104592
      3849.67    0.0990770
      3851.81    0.0958868
      3853.95    0.0910965
      3856.09    0.0858787
      3858.23    0.0783905
      3860.36    0.0772647
      3862.50    0.0721607
      3864.64    0.0681843
      3866.78    0.0639675
      3868.92    0.0607704
      3871.05    0.0585468
      3873.19    0.0527360
      3875.33    0.0489859
      3877.47    0.0476636
      3879.61    0.0447752
      3881.74    0.0413115
      3883.88    0.0386872
      3886.02    0.0353747
      3888.16    0.0362739
      3890.30    0.0329516
      3892.43    0.0297150
      3894.57    0.0272813
      3896.71    0.0261341
      3898.85    0.0243675
      3900.99    0.0234637
      3903.12    0.0214082
      3905.26    0.0201668
      3907.40    0.0190284
      3909.54    0.0153344
      3911.68    0.0141543
      3913.81    0.0154818
      3915.95    0.0131544
      3918.09    0.0122030
      3920.23    0.0126111
      3922.37    0.0110595
      3924.50   0.00959685
      3926.64   0.00952838
      3928.78    0.0100603
      3930.92   0.00836987
      3933.06   0.00756278
      3935.19   0.00758403
      3937.33   0.00675875
      3939.47   0.00735985
      3941.61   0.00659147
      3943.75   0.00643242
      3945.88   0.00571473
      3948.02   0.00535728
      3950.16   0.00512840
      3952.30   0.00627534
      3954.44   0.00532154
      3956.57   0.00570929
      3958.71   0.00524493
      3960.85   0.00518650
      3962.99   0.00485061
      3965.13   0.00439031
      3967.26   0.00550770
      3969.40   0.00542835
      3971.54   0.00494353
      3973.68   0.00484752
      3975.82   0.00442718
      3977.95   0.00534333
      3980.09   0.00476149
      3982.23   0.00655346
      3984.37   0.00482744
      3986.51   0.00492068
      3988.64   0.00511015
      3990.78   0.00394851
      3992.92   0.00547460
      3995.06   0.00501875
      3997.20   0.00497115
      3999.33   0.00437872
      4001.47   0.00 
      4003.61   0.00 
    
