Log10 Mass (10^11 Msun); halo #/Mpc^3/bin with bin 0.200000 dex
       8.1000004       17.484600
       8.3000002       11.113500
       8.5000000       7.0392999
       8.6999998       4.4405499
       8.8999996       2.7878300
       9.1000004       1.7404200
       9.3000002       1.0794000
       9.5000000      0.66427999
       9.6999998      0.40510499
       9.8999996      0.24440300
       10.100000      0.14559350
       10.300000     0.085436499
       10.500000     0.049247499
       10.700000     0.027789750
       10.900000     0.015287350
       11.100000    0.0081570499
       11.300000    0.0041955099
       11.500000    0.0020642550
       11.700000   0.00096238499
       11.900000   0.00042016999
       12.100000   0.00016926700
       12.300000   6.1764799e-05
       12.500000   1.9940600e-05
       12.700001   5.5285449e-06
       12.900000   1.2670870e-06
       13.100000   2.2858210e-07
       13.300000   3.0465780e-08
       13.500000   2.7626135e-09
       13.700001   1.5296804e-10
       13.900000   4.4809499e-12
       14.100000   5.7259581e-14
       14.300000   2.4517409e-16
       14.500000   2.4387032e-19
       14.700001   3.3674599e-23
