Log10 Mass (10^11 Msun); halo #/Mpc^3/bin with bin 0.200000 dex
       8.1000004       18.955750
       8.3000002       12.445550
       8.5000000       8.1726999
       8.6999998       5.3671999
       8.8999996       3.5246999
       9.1000004       2.3142550
       9.3000002       1.5190000
       9.5000000      0.99643999
       9.6999998      0.65311499
       9.8999996      0.42758499
       10.100000      0.27950000
       10.300000      0.18233400
       10.500000      0.11863200
       10.700000     0.076927499
       10.900000     0.049670999
       11.100000     0.031899500
       11.300000     0.020347600
       11.500000     0.012868350
       11.700000    0.0080513499
       11.900000    0.0049697499
       12.100000    0.0030157800
       12.300000    0.0017910500
       12.500000    0.0010350400
       12.700001   0.00057771499
       12.900000   0.00030844850
       13.100000   0.00015554600
       13.300000   7.2861649e-05
       13.500000   3.1009650e-05
       13.700001   1.1641435e-05
       13.900000   3.7047599e-06
       14.100000   9.4710099e-07
       14.300000   1.8076775e-07
       14.500000   2.3303645e-08
       14.700001   1.7676345e-09
