Log10 Mass (10^11 Msun); halo #/Mpc^3/bin with bin 0.200000 dex
       8.1000004       21.012600
       8.3000002       13.426200
       8.5000000       8.5528999
       8.6999998       5.4290999
       8.8999996       3.4317999
       9.1000004       2.1584900
       9.3000002       1.3497250
       9.5000000      0.83817499
       9.6999998      0.51624999
       9.8999996      0.31490350
       10.100000      0.18987950
       10.300000      0.11293300
       10.500000     0.066076499
       10.700000     0.037910299
       10.900000     0.021244300
       11.100000     0.011572050
       11.300000    0.0060910499
       11.500000    0.0030752950
       11.700000    0.0014758750
       11.900000   0.00066561149
       12.100000   0.00027808850
       12.300000   0.00010569940
       12.500000   3.5719649e-05
       12.700001   1.0421320e-05
       12.900000   2.5277200e-06
       13.100000   4.8544599e-07
       13.300000   6.9282749e-08
       13.500000   6.7633994e-09
       13.700001   4.0483039e-10
       13.900000   1.2842021e-11
       14.100000   1.7726633e-13
       14.300000   8.1182074e-16
       14.500000   8.4412851e-19
       14.700001   1.1647950e-22
