Log10 Mass (10^11 Msun); halo #/Mpc^3/bin with bin 0.200000 dex
       8.1000004       11.610350
       8.3000002       7.6562999
       8.5000000       5.0532499
       8.6999998       3.3382500
       8.8999996       2.2072200
       9.1000004       1.4607450
       9.3000002      0.96759499
       9.5000000      0.64150499
       9.6999998      0.42568499
       9.8999996      0.28270500
       10.100000      0.18790600
       10.300000      0.12498450
       10.500000     0.083186499
       10.700000     0.055396999
       10.900000     0.036903999
       11.100000     0.024588900
       11.300000     0.016381850
       11.500000     0.010909250
       11.700000    0.0072583999
       11.900000    0.0048222999
       12.100000    0.0031967000
       12.300000    0.0021123850
       12.500000    0.0013896400
       12.700001   0.00090862499
       12.900000   0.00058921499
       13.100000   0.00037784499
       13.300000   0.00023870450
       13.500000   0.00014780700
       13.700001   8.9092499e-05
       13.900000   5.1790499e-05
       14.100000   2.8647300e-05
       14.300000   1.4870500e-05
       14.500000   7.0030349e-06
       14.700001   2.9543850e-06
