Log10 Mass (10^11 Msun); halo #/Mpc^3/bin with bin 0.200000 dex
       8.1000004       20.801900
       8.3000002       13.256100
       8.5000000       8.4193999
       8.6999998       5.3266499
       8.8999996       3.3544500
       9.1000004       2.1010800
       9.3000002       1.3076600
       9.5000000      0.80774999
       9.6999998      0.49453499
       9.8999996      0.29960750
       10.100000      0.17926050
       10.300000      0.10567500
       10.500000     0.061204499
       10.700000     0.034706249
       10.900000     0.019187600
       11.100000     0.010289100
       11.300000    0.0053175999
       11.500000    0.0026280050
       11.700000    0.0012298950
       11.900000   0.00053844299
       12.100000   0.00021716550
       12.300000   7.9143399e-05
       12.500000   2.5429450e-05
       12.700001   6.9812199e-06
       12.900000   1.5728945e-06
       13.100000   2.7608605e-07
       13.300000   3.5287274e-08
       13.500000   3.0063030e-09
       13.700001   1.5193233e-10
       13.900000   3.8984054e-12
       14.100000   4.1130971e-14
       14.300000   1.3343985e-16
       14.500000   8.8636719e-20
       14.700001   6.7793499e-24
