Log10 Mass (10^11 Msun); halo #/Mpc^3/bin with bin 0.200000 dex
       8.1000004       17.710850
       8.3000002       11.341550
       8.5000000       7.2436999
       8.6999998       4.6120499
       8.8999996       2.9256700
       9.1000004       1.8478450
       9.3000002       1.1611200
       9.5000000      0.72519499
       9.6999998      0.44968499
       9.8999996      0.27648800
       10.100000      0.16829000
       10.300000      0.10121250
       10.500000     0.060007499
       10.700000     0.034975249
       10.900000     0.019972750
       11.100000     0.011128550
       11.300000    0.0060195999
       11.500000    0.0031412450
       11.700000    0.0015692650
       11.900000   0.00074328499
       12.100000   0.00032979200
       12.300000   0.00013501000
       12.500000   5.0023949e-05
       12.700001   1.6370250e-05
       12.900000   4.5856749e-06
       13.100000   1.0561335e-06
       13.300000   1.8982400e-07
       13.500000   2.4877135e-08
       13.700001   2.1746590e-09
       13.900000   1.1271514e-10
       14.100000   2.9589941e-12
       14.300000   3.1762138e-14
       14.500000   1.0369404e-16
       14.700001   6.7952545e-20
