Log10 Mass (10^11 Msun); halo #/Mpc^3/bin with bin 0.200000 dex
       8.1000004       17.504300
       8.3000002       11.425350
       8.5000000       7.4541999
       8.6999998       4.8601499
       8.8999996       3.1661500
       9.1000004       2.0602800
       9.3000002       1.3387600
       9.5000000      0.86836499
       9.6999998      0.56198999
       9.8999996      0.36269999
       10.100000      0.23328200
       10.300000      0.14940800
       10.500000     0.095197499
       10.700000     0.060271999
       10.900000     0.037864499
       11.100000     0.023561650
       11.300000     0.014490950
       11.500000    0.0087847999
       11.700000    0.0052319499
       11.900000    0.0030483400
       12.100000    0.0017283800
       12.300000   0.00094730999
       12.500000   0.00049765199
       12.700001   0.00024785700
       12.900000   0.00011540400
       13.100000   4.9324949e-05
       13.300000   1.8897200e-05
       13.500000   6.2896999e-06
       13.700001   1.7449960e-06
       13.900000   3.8194249e-07
       14.100000   6.1272149e-08
       14.300000   6.5242039e-09
       14.500000   4.0301119e-10
       14.700001   1.2001870e-11
