Log10 Mass (10^11 Msun); halo #/Mpc^3/bin with bin 0.200000 dex
       8.1000004       21.316950
       8.3000002       13.689600
       8.5000000       8.7698499
       8.6999998       5.6018499
       8.8999996       3.5659999
       9.1000004       2.2606750
       9.3000002       1.4262500
       9.5000000      0.89461499
       9.6999998      0.55731499
       9.8999996      0.34435999
       10.100000      0.21071200
       10.300000      0.12744550
       10.500000     0.076017499
       10.700000     0.044590999
       10.900000     0.025636300
       11.100000     0.014385900
       11.300000    0.0078388999
       11.500000    0.0041215649
       11.700000    0.0020745700
       11.900000   0.00098982999
       12.100000   0.00044215549
       12.300000   0.00018202850
       12.500000   6.7698949e-05
       12.700001   2.2171950e-05
       12.900000   6.1875649e-06
       13.100000   1.4101120e-06
       13.300000   2.4828665e-07
       13.500000   3.1414420e-08
       13.700001   2.5957290e-09
       13.900000   1.2333684e-10
       14.100000   2.8390609e-12
       14.300000   2.5033139e-14
       14.500000   6.0935245e-17
       14.700001   2.5753700e-20
