Log10 Mass (10^11 Msun); halo #/Mpc^3/bin with bin 0.200000 dex
       8.1000004       20.576550
       8.3000002       13.438500
       8.5000000       8.7725499
       8.6999998       5.7228499
       8.8999996       3.7300999
       9.1000004       2.4284400
       9.3000002       1.5786650
       9.5000000       1.0243400
       9.6999998      0.66310999
       9.8999996      0.42801499
       10.100000      0.27527800
       10.300000      0.17626350
       10.500000      0.11224850
       10.700000     0.071004499
       10.900000     0.044546499
       11.100000     0.027665400
       11.300000     0.016968500
       11.500000     0.010248650
       11.700000    0.0060732499
       11.900000    0.0035149999
       12.100000    0.0019754150
       12.300000    0.0010701200
       12.500000   0.00055355999
       12.700001   0.00027014500
       12.900000   0.00012244200
       13.100000   5.0499949e-05
       13.300000   1.8452350e-05
       13.500000   5.7656249e-06
       13.700001   1.4698680e-06
       13.900000   2.8713060e-07
       14.100000   3.9500729e-08
       14.300000   3.4138964e-09
       14.500000   1.5856586e-10
       14.700001   3.1872372e-12
