Log10 Mass (10^11 Msun); halo #/Mpc^3/bin with bin 0.200000 dex
       8.1000004       19.439250
       8.3000002       12.748350
       8.5000000       8.3605999
       8.6999998       5.4825999
       8.8999996       3.5944999
       9.1000004       2.3557000
       9.3000002       1.5428900
       9.5000000       1.0096700
       9.6999998      0.65995999
       9.8999996      0.43070499
       10.100000      0.28053000
       10.300000      0.18224100
       10.500000      0.11800700
       10.700000     0.076098499
       10.900000     0.048820999
       11.100000     0.031118500
       11.300000     0.019675850
       11.500000     0.012315650
       11.700000    0.0076120999
       11.900000    0.0046311499
       12.100000    0.0027621500
       12.300000    0.0016068250
       12.500000   0.00090567999
       12.700001   0.00049043649
       12.900000   0.00025234450
       13.100000   0.00012160400
       13.300000   5.3850999e-05
       13.500000   2.1370150e-05
       13.700001   7.3487049e-06
       13.900000   2.0933100e-06
       14.100000   4.6478149e-07
       14.300000   7.4056049e-08
       14.500000   7.5632564e-09
       14.700001   4.2372964e-10
