Log10 Mass (10^11 Msun); halo #/Mpc^3/bin with bin 0.200000 dex
       8.1000004       21.256350
       8.3000002       13.633800
       8.5000000       8.7222499
       8.6999998       5.5629499
       8.8999996       3.5351999
       9.1000004       2.2368750
       9.3000002       1.4081800
       9.5000000      0.88113999
       9.6999998      0.54740499
       9.8999996      0.33718049
       10.100000      0.20558600
       10.300000      0.12383850
       10.500000     0.073520999
       10.700000     0.042894999
       10.900000     0.024508300
       11.100000     0.013653900
       11.300000    0.0073776499
       11.500000    0.0038410349
       11.700000    0.0019110750
       11.900000   0.00089942499
       12.100000   0.00039528199
       12.300000   0.00015960250
       12.500000   5.7990749e-05
       12.700001   1.8465450e-05
       12.900000   4.9801999e-06
       13.100000   1.0886260e-06
       13.300000   1.8211815e-07
       13.500000   2.1631015e-08
       13.700001   1.6522350e-09
       13.900000   7.1143319e-11
       14.100000   1.4457898e-12
       14.300000   1.0868633e-14
       14.500000   2.1510375e-17
       14.700001   6.9244499e-21
