Log10 Mass (10^11 Msun); halo #/Mpc^3/bin with bin 0.200000 dex
       8.1000004       16.577550
       8.3000002       10.853600
       8.5000000       7.1053499
       8.6999998       4.6505999
       8.8999996       3.0427500
       9.1000004       1.9897150
       9.3000002       1.3000600
       9.5000000      0.84855999
       9.6999998      0.55309999
       9.8999996      0.35986999
       10.100000      0.23361700
       10.300000      0.15122450
       10.500000     0.097539999
       10.700000     0.062633499
       10.900000     0.039996499
       11.100000     0.025366250
       11.300000     0.015950600
       11.500000    0.0099245999
       11.700000    0.0060945499
       11.900000    0.0036819499
       12.100000    0.0021795550
       12.300000    0.0012577250
       12.500000   0.00070289999
       12.700001   0.00037728399
       12.900000   0.00019239800
       13.100000   9.1917999e-05
       13.300000   4.0391349e-05
       13.500000   1.5935250e-05
       13.700001   5.4662199e-06
       13.900000   1.5620525e-06
       14.100000   3.5112499e-07
       14.300000   5.7456399e-08
       14.500000   6.1607344e-09
       14.700001   3.7478679e-10
