Log10 Mass (10^11 Msun); halo #/Mpc^3/bin with bin 0.200000 dex
       8.1000004       21.405550
       8.3000002       13.868700
       8.5000000       8.9728999
       8.6999998       5.7953499
       8.8999996       3.7350999
       9.1000004       2.4011300
       9.3000002       1.5388000
       9.5000000      0.98246999
       9.6999998      0.62444999
       9.8999996      0.39474499
       10.100000      0.24790950
       10.300000      0.15446700
       10.500000     0.095333499
       10.700000     0.058163999
       10.900000     0.034994899
       11.100000     0.020701800
       11.300000     0.011996550
       11.500000    0.0067789999
       11.700000    0.0037141999
       11.900000    0.0019590800
       12.100000   0.00098586999
       12.300000   0.00046796549
       12.500000   0.00020650200
       12.700001   8.3148249e-05
       12.900000   2.9822750e-05
       13.100000   9.2351649e-06
       13.300000   2.3704350e-06
       13.500000   4.7800249e-07
       13.700001   7.0549549e-08
       13.900000   6.9360739e-09
       14.100000   4.0032349e-10
       14.300000   1.1424894e-11
       14.500000   1.2720996e-13
       14.700001   3.9582057e-16
