Log10 Mass (10^11 Msun); halo #/Mpc^3/bin with bin 0.200000 dex
       8.1000004       17.064550
       8.3000002       11.163100
       8.5000000       7.3010999
       8.6999998       4.7735999
       8.8999996       3.1194500
       9.1000004       2.0370650
       9.3000002       1.3289250
       9.5000000      0.86585999
       9.6999998      0.56322999
       9.8999996      0.36560999
       10.100000      0.23670950
       10.300000      0.15275500
       10.500000     0.098177499
       10.700000     0.062783499
       10.900000     0.039900999
       11.100000     0.025163600
       11.300000     0.015720000
       11.500000    0.0097058499
       11.700000    0.0059059999
       11.900000    0.0035295799
       12.100000    0.0020624500
       12.300000    0.0011717900
       12.500000   0.00064270499
       12.700001   0.00033720099
       12.900000   0.00016724000
       13.100000   7.7212449e-05
       13.300000   3.2523550e-05
       13.500000   1.2172300e-05
       13.700001   3.9082549e-06
       13.900000   1.0273370e-06
       14.100000   2.0765230e-07
       14.300000   2.9656090e-08
       14.500000   2.6677755e-09
       14.700001   1.2913541e-10
