Log10 Mass (10^11 Msun); halo #/Mpc^3/bin with bin 0.200000 dex
       8.1000004       18.232100
       8.3000002       11.779400
       8.5000000       7.5977499
       8.6999998       4.8908999
       8.8999996       3.1408500
       9.1000004       2.0111750
       9.3000002       1.2834000
       9.5000000      0.81559999
       9.6999998      0.51575499
       9.8999996      0.32423000
       10.100000      0.20238450
       10.300000      0.12526400
       10.500000     0.076745999
       10.700000     0.046448499
       10.900000     0.027700500
       11.100000     0.016228200
       11.300000    0.0093041999
       11.500000    0.0051962499
       11.700000    0.0028106350
       11.900000    0.0014617300
       12.100000   0.00072437499
       12.300000   0.00033816399
       12.500000   0.00014657650
       12.700001   5.7909149e-05
       12.900000   2.0363950e-05
       13.100000   6.1815649e-06
       13.300000   1.5565200e-06
       13.500000   3.0863500e-07
       13.700001   4.5006039e-08
       13.900000   4.4090804e-09
       14.100000   2.5719775e-10
       14.300000   7.5907769e-12
       14.500000   9.0652186e-14
       14.700001   3.2059755e-16
