Log10 Mass (10^11 Msun); halo #/Mpc^3/bin with bin 0.200000 dex
       8.1000004       21.367200
       8.3000002       13.738300
       8.5000000       8.8128499
       8.6999998       5.6376999
       8.8999996       3.5947999
       9.1000004       2.2832800
       9.3000002       1.4435250
       9.5000000      0.90762499
       9.6999998      0.56693999
       9.8999996      0.35138499
       10.100000      0.21576700
       10.300000      0.13102400
       10.500000     0.078510999
       10.700000     0.046297999
       10.900000     0.026780550
       11.100000     0.015134800
       11.300000    0.0083153499
       11.500000    0.0044145799
       11.700000    0.0022474600
       11.900000    0.0010868300
       12.100000   0.00049329849
       12.300000   0.00020699150
       12.500000   7.8765249e-05
       12.700001   2.6518750e-05
       12.900000   7.6530499e-06
       13.100000   1.8169735e-06
       13.300000   3.3642229e-07
       13.500000   4.5293839e-08
       13.700001   4.0431579e-09
       13.900000   2.1163885e-10
       14.100000   5.5061959e-12
       14.300000   5.6784542e-14
       14.500000   1.6936349e-16
       14.700001   9.3499455e-20
