Log10 Mass (10^11 Msun); halo #/Mpc^3/bin with bin 0.200000 dex
       8.1000004       17.929600
       8.3000002       11.601150
       8.5000000       7.4953499
       8.6999998       4.8339999
       8.8999996       3.1109000
       9.1000004       1.9967250
       9.3000002       1.2776150
       9.5000000      0.81440999
       9.6999998      0.51679499
       9.8999996      0.32616500
       10.100000      0.20451550
       10.300000      0.12724200
       10.500000     0.078424499
       10.700000     0.047792999
       10.900000     0.028731450
       11.100000     0.016989550
       11.300000    0.0098473999
       11.500000    0.0055704499
       11.700000    0.0030587850
       11.900000    0.0016195250
       12.100000   0.00081985999
       12.300000   0.00039264099
       12.500000   0.00017550600
       12.700001   7.1971249e-05
       12.900000   2.6484700e-05
       13.100000   8.4997549e-06
       13.300000   2.2923850e-06
       13.500000   4.9498399e-07
       13.700001   8.0288849e-08
       13.900000   8.9924599e-09
       14.100000   6.2154049e-10
       14.300000   2.2787378e-11
       14.500000   3.6027857e-13
       14.700001   1.8409010e-15
