Log10 Mass (10^11 Msun); halo #/Mpc^3/bin with bin 0.200000 dex
       8.1000004       21.452800
       8.3000002       13.840600
       8.5000000       8.9125999
       8.6999998       5.7260499
       8.8999996       3.6686999
       9.1000004       2.3428050
       9.3000002       1.4902100
       9.5000000      0.94342999
       9.6999998      0.59390999
       9.8999996      0.37136499
       10.100000      0.23034050
       10.300000      0.14149550
       10.500000     0.085912499
       10.700000     0.051439499
       10.900000     0.030282600
       11.100000     0.017467000
       11.300000    0.0098279999
       11.500000    0.0053650999
       11.700000    0.0028224600
       11.900000    0.0014188500
       12.100000   0.00067435499
       12.300000   0.00029897100
       12.500000   0.00012153700
       12.700001   4.4318049e-05
       12.900000   1.4091130e-05
       13.100000   3.7658849e-06
       13.300000   8.0642649e-07
       13.500000   1.2995705e-07
       13.700001   1.4508425e-08
       13.900000   1.0051444e-09
       14.100000   3.7272619e-11
       14.300000   6.0468255e-13
       14.500000   3.2435671e-15
       14.700001   3.8722264e-18
