Log10 Mass (10^11 Msun); halo #/Mpc^3/bin with bin 0.200000 dex
       8.1000004       21.103650
       8.3000002       13.501950
       8.5000000       8.6135999
       8.6999998       5.4764999
       8.8999996       3.4679999
       9.1000004       2.1857100
       9.3000002       1.3698750
       9.5000000      0.85288499
       9.6999998      0.52684999
       9.8999996      0.32243300
       10.100000      0.19515700
       10.300000      0.11657350
       10.500000     0.068544999
       10.700000     0.039550949
       10.900000     0.022310250
       11.100000     0.012245900
       11.300000    0.0065032999
       11.500000    0.0033178550
       11.700000    0.0016118900
       11.900000   0.00073754499
       12.100000   0.00031348000
       12.300000   0.00012161900
       12.500000   4.2122849e-05
       12.700001   1.2659455e-05
       12.900000   3.1830600e-06
       13.100000   6.3872149e-07
       13.300000   9.6201149e-08
       13.500000   1.0036550e-08
       13.700001   6.5248094e-10
       13.900000   2.2955829e-11
       14.100000   3.6126123e-13
       14.300000   1.9572278e-15
       14.500000   2.5317193e-18
       14.700001   4.6568149e-22
