Log10 Mass (10^11 Msun); halo #/Mpc^3/bin with bin 0.200000 dex
       8.1000004       20.912250
       8.3000002       13.344200
       8.5000000       8.4881499
       8.6999998       5.3790999
       8.8999996       3.3938999
       9.1000004       2.1302600
       9.3000002       1.3289750
       9.5000000      0.82311499
       9.6999998      0.50547499
       9.8999996      0.30728750
       10.100000      0.18457700
       10.300000      0.10929800
       10.500000     0.063627999
       10.700000     0.036294099
       10.900000     0.020202900
       11.100000     0.010919600
       11.300000    0.0056956999
       11.500000    0.0028454250
       11.700000    0.0013486300
       11.900000   0.00059933399
       12.100000   0.00024606050
       12.300000   9.1595949e-05
       12.500000   3.0188800e-05
       12.700001   8.5459499e-06
       12.900000   1.9983830e-06
       13.100000   3.6704099e-07
       13.300000   4.9594459e-08
       13.500000   4.5252859e-09
       13.700001   2.4905625e-10
       13.900000   7.1115019e-12
       14.100000   8.5916078e-14
       14.300000   3.3164482e-16
       14.500000   2.7614705e-19
       14.700001   2.8441300e-23
