Log10 Mass (10^11 Msun); halo #/Mpc^3/bin with bin 0.200000 dex
       8.1000004       17.825850
       8.3000002       11.443550
       8.5000000       7.3290999
       8.6999998       4.6807499
       8.8999996       2.9795500
       9.1000004       1.8891300
       9.3000002       1.1922250
       9.5000000      0.74825999
       9.6999998      0.46655999
       9.8999996      0.28865950
       10.100000      0.17695050
       10.300000      0.10728650
       10.500000     0.064199999
       10.700000     0.037819399
       10.900000     0.021863150
       11.100000     0.012355850
       11.300000    0.0067943999
       11.500000    0.0036144449
       11.700000    0.0018467800
       11.900000   0.00089824499
       12.100000   0.00041125499
       12.300000   0.00017476150
       12.500000   6.7707099e-05
       12.700001   2.3377600e-05
       12.900000   6.9869799e-06
       13.100000   1.7410015e-06
       13.300000   3.4452499e-07
       13.500000   5.0820399e-08
       13.700001   5.1425439e-09
       13.900000   3.1984530e-10
       14.100000   1.0558364e-11
       14.300000   1.5161500e-13
       14.500000   7.1973139e-16
       14.700001   7.6848820e-19
