Log10 Mass (10^11 Msun); halo #/Mpc^3/bin with bin 0.200000 dex
       8.1000004       21.406800
       8.3000002       13.779850
       8.5000000       8.8509999
       8.6999998       5.6704499
       8.8999996       3.6215999
       9.1000004       2.3044950
       9.3000002       1.4599750
       9.5000000      0.92011499
       9.6999998      0.57626999
       9.8999996      0.35823999
       10.100000      0.22073000
       10.300000      0.13456550
       10.500000     0.080995999
       10.700000     0.048010999
       10.900000     0.027938150
       11.100000     0.015899100
       11.300000    0.0088063499
       11.500000    0.0047197399
       11.700000    0.0024297700
       11.900000    0.0011905900
       12.100000   0.00054892099
       12.300000   0.00023467950
       12.500000   9.1329349e-05
       12.700001   3.1593900e-05
       12.900000   9.4228399e-06
       13.100000   2.3289250e-06
       13.300000   4.5303849e-07
       13.500000   6.4832649e-08
       13.700001   6.2437344e-09
       13.900000   3.5944139e-10
       14.100000   1.0546782e-11
       14.300000   1.2685532e-13
       14.500000   4.6184809e-16
       14.700001   3.3138165e-19
