Log10 Mass (10^11 Msun); halo #/Mpc^3/bin with bin 0.200000 dex
       8.1000004       17.697600
       8.3000002       11.280450
       8.5000000       7.1673999
       8.6999998       4.5370499
       8.8999996       2.8594600
       9.1000004       1.7929300
       9.3000002       1.1174050
       9.5000000      0.69145499
       9.6999998      0.42429999
       9.8999996      0.25779250
       10.100000      0.15479850
       10.300000     0.091668499
       10.500000     0.053392499
       10.700000     0.030490600
       10.900000     0.017005650
       11.100000    0.0092194999
       11.300000    0.0048304949
       11.500000    0.0024285000
       11.700000    0.0011611850
       11.900000   0.00052227249
       12.100000   0.00021793700
       12.300000   8.2921549e-05
       12.500000   2.8143200e-05
       12.700001   8.2855199e-06
       12.900000   2.0417295e-06
       13.100000   4.0221649e-07
       13.300000   5.9690099e-08
       13.500000   6.1765489e-09
       13.700001   4.0265309e-10
       13.900000   1.4457762e-11
       14.100000   2.3871848e-13
       14.300000   1.4168665e-15
       14.500000   2.1479855e-18
       14.700001   5.1450999e-22
