Differential distribution from Grazian 2009 (cnt/arcsec^2/mag-ABmag) bin=0.25
      20.3600  1.97877e-05
      20.6100  2.35177e-05
      20.8600  2.53744e-05
      21.1100  6.00337e-05
      21.3600  7.55779e-05
      21.6100  9.78126e-05
      21.8600  0.000133781
      22.1100  0.000172741
      22.3600  0.000245694
      22.6100  0.000348654
      22.8600  0.000467084
      23.1100  0.000632987
      23.3600  0.000971393
      23.6100   0.00119783
      23.8600   0.00157905
      24.1100   0.00218472
      24.3600   0.00280799
      24.6100   0.00331432
      24.8600   0.00388504
      25.1100   0.00485730
      25.3600   0.00565451
      25.6100   0.00679822
      25.8600   0.00800562
      26.1100   0.00929811
      26.3600    0.0105292
      26.6100    0.0122010
      26.8600    0.0143019
      27.1100    0.0169198
      27.3600    0.0208159
      27.6100    0.0227193
      27.8600    0.0241210
