#Cumulative distribution from Grazian 2009 (cnt/arcsec^2-ABmag)
      20.3600  4.94692e-06
      20.6100  1.08263e-05
      20.8600  1.71699e-05
      21.1100  3.21784e-05
      21.3600  5.10728e-05
      21.6100  7.55260e-05
      21.8600  0.000108971
      22.1100  0.000152156
      22.3600  0.000213580
      22.6100  0.000300744
      22.8600  0.000417515
      23.1100  0.000575761
      23.3600  0.000818610
      23.6100   0.00111807
      23.8600   0.00151283
      24.1100   0.00205901
      24.3600   0.00276100
      24.6100   0.00358958
      24.8600   0.00456084
      25.1100   0.00577517
      25.3600   0.00718880
      25.6100   0.00888835
      25.8600    0.0108898
      26.1100    0.0132143
      26.3600    0.0158466
      26.6100    0.0188968
      26.8600    0.0224723
      27.1100    0.0267023
      27.3600    0.0319062
      27.6100    0.0375861
      27.8600    0.0436163
