550.1	0.10
550.2	0.08
550.3	0.13
550.5	0.11
550.6	0.10
550.7	0.08
550.9	0.13
551.0	0.18
551.2	0.23
551.3	0.24
551.4	0.26
551.6	0.27
551.7	0.23
551.8	0.18
552.0	0.20
552.1	0.22
552.2	0.21
552.4	0.29
552.5	0.38
552.7	0.43
552.8	0.59
552.9	0.68
553.1	0.71
553.2	0.80
553.3	0.86
553.5	0.96
553.6	1.24
553.7	1.52
553.9	1.77
554.0	2.09
554.2	2.43
554.3	2.64
554.4	2.94
554.6	3.20
554.7	3.48
554.8	3.59
555.0	3.75
555.1	3.83
555.2	3.96
555.4	4.00
555.5	4.10
555.7	4.11
555.8	4.17
555.9	4.18
556.1	4.28
556.2	4.33
556.3	4.52
556.5	4.62
556.6	4.94
556.7	5.30
556.9	5.96
557.0	6.65
557.2	7.40
557.3	8.06
557.4	8.65
557.6	8.92
557.7	9.13
557.8	9.37
558.0	9.47
558.1	9.59
558.2	9.89
558.4	10.24
558.5	10.68
558.6	11.46
558.8	12.34
558.9	13.02
559.1	13.72
559.2	14.42
559.3	14.86
559.5	15.17
559.6	15.66
559.7	15.89
559.9	16.07
560.0	16.43
560.1	16.75
560.3	17.01
560.4	17.42
560.5	18.00
560.7	18.79
560.8	19.82
560.9	20.81
561.1	21.76
561.2	22.65
561.4	22.97
561.5	23.20
561.6	23.53
561.8	24.11
561.9	24.47
562.0	25.40
562.2	26.20
562.3	27.25
562.4	28.01
562.6	29.25
562.7	29.98
562.8	30.78
563.0	31.22
563.1	31.86
563.2	32.22
563.4	32.54
563.5	32.90
563.6	33.23
563.8	33.60
563.9	34.15
564.1	35.09
564.2	36.14
564.3	37.22
564.5	38.41
564.6	39.10
564.7	39.76
564.9	40.28
565.0	41.01
565.1	41.40
565.3	42.15
565.4	42.72
565.5	43.37
565.7	43.73
565.8	44.27
565.9	44.76
566.1	45.33
566.2	45.82
566.3	46.41
566.5	46.94
566.6	47.54
566.7	48.47
566.9	49.02
567.0	49.66
567.1	50.50
567.3	50.80
567.4	50.95
567.5	51.67
567.7	52.28
567.8	52.94
567.9	53.49
568.1	54.29
568.2	54.63
568.4	55.26
568.5	55.88
568.6	56.74
568.8	57.43
568.9	58.18
569.0	59.06
569.2	59.52
569.3	60.58
569.4	60.81
569.6	61.36
569.7	61.77
569.8	62.13
570.0	62.15

598.87	86.939
599.21	86.482
599.56	86.161
599.90	86.096
600.25	86.085
600.59	86.066
600.93	85.912
601.28	85.971
601.62	85.936
601.97	85.904
602.31	85.883
602.66	85.946
603.00	85.941
603.34	85.985
603.69	85.866
604.03	85.803
604.37	85.746
604.72	85.538
605.06	85.379
605.41	85.377
605.75	85.365
606.09	85.334
606.44	85.398
606.78	85.385
607.12	85.356
607.47	85.278
607.81	85.195
608.15	85.113
608.50	85.048
608.84	84.982
609.18	84.892
609.53	84.812
609.87	84.768
610.21	84.746
610.56	84.668
610.90	84.643
611.24	84.565
611.58	84.499
611.93	84.383
612.27	84.324
612.61	84.223
612.96	84.204
613.30	84.075
613.64	84.001
613.98	83.958
614.33	83.950
614.67	83.863
615.01	83.861
615.35	83.796
615.70	83.670
616.04	83.534
616.38	83.458
616.72	83.326
617.06	83.244
617.41	83.176
617.75	83.134
618.09	83.047
618.43	82.987
618.78	82.895
619.12	82.829
619.46	82.697
619.80	82.558
620.14	82.461
620.48	82.402
620.83	82.316
621.17	82.257
621.51	82.177
621.85	82.080
622.19	81.956
622.53	81.915
622.88	81.789
623.22	81.710
623.56	81.620
623.90	81.578
624.24	81.414
624.58	81.340
624.92	81.289
625.26	81.179
625.61	81.041
625.95	80.988
626.29	80.955
626.63	80.836
626.97	80.758
627.31	80.691
627.65	80.541
627.99	80.392
628.33	80.272
628.67	80.154
629.01	80.083
629.35	80.027
629.70	79.894
630.04	79.846
630.38	79.789
630.72	79.641
631.06	79.516
631.40	79.464
631.74	79.342
632.08	79.244
632.42	79.210
632.76	79.113
633.10	79.025
633.44	78.903
633.78	78.836
634.12	78.723
634.46	78.594
634.80	78.504
635.14	78.436
635.48	78.282
635.82	78.126
636.16	78.090
636.50	77.924
636.84	77.818
637.18	77.735
637.52	77.646
637.86	77.525
638.20	77.478
638.54	77.336
638.87	77.242
639.21	77.141
639.55	77.070
639.89	76.949
640.23	76.912
640.57	76.827
640.91	76.730
641.25	76.606
641.59	76.540
641.93	76.415
642.27	76.326
642.61	76.188
642.94	76.051
643.28	75.894
643.62	75.795
643.96	75.659
644.30	75.597
644.64	75.501
644.98	75.385
645.32	75.262
645.65	75.132
645.99	74.987
646.33	74.876
646.67	74.820
647.01	74.701
647.35	74.649
647.68	74.591
648.02	74.489
648.36	74.402
648.70	74.312
649.04	74.143
649.38	74.018
649.71	73.942
650.05	73.756
650.39	73.634
650.73	73.521
651.06	73.412
651.40	73.258
651.74	73.205
652.08	73.130
652.42	73.072
652.75	72.993
653.09	72.903
653.43	72.772
653.77	72.672
654.10	72.512
654.44	72.361
654.78	72.269
655.12	72.160
655.45	72.006
655.79	71.937
656.13	71.831
656.46	71.659
656.80	71.518
657.14	71.426
657.48	71.321
657.81	71.248
658.15	71.221
658.49	71.133
658.82	71.020
659.16	70.892
659.50	70.734
659.83	70.595
660.17	70.467
660.51	70.322
660.84	70.157
661.18	70.051
661.52	69.915
661.85	69.825
662.19	69.726
662.53	69.646
662.86	69.519
663.20	69.373
663.53	69.195
663.87	69.126
664.21	68.962
664.54	68.816
664.88	68.694
665.21	68.635
665.55	68.439
665.89	68.353
666.22	68.214
666.56	68.087
666.89	67.909
667.23	67.756
667.57	67.607
667.90	67.499
668.24	67.360
668.57	67.211
668.91	67.129
669.24	67.031
669.58	66.903
669.91	66.811
670.25	66.634
670.59	66.498
670.92	66.324
671.26	66.212
671.59	65.978
671.93	65.941
672.26	65.753
672.60	65.580
672.93	65.469
673.27	65.364
673.60	65.150
673.94	65.031
674.27	64.931
674.61	64.745
674.94	64.609
675.28	64.514
675.61	64.367
675.94	64.199
676.28	64.003
676.61	63.857
676.95	63.678
677.28	63.549
677.62	63.426
677.95	63.349
678.29	63.230
678.62	63.149
678.95	63.001
679.29	62.869
679.62	62.705
679.96	62.532
680.29	62.343
680.62	62.147
680.96	61.973
681.29	61.806
681.63	61.645
681.96	61.481
682.29	61.337
682.63	61.169
682.96	61.012
683.30	60.869
683.63	60.749
683.96	60.614
684.30	60.484
684.63	60.323
684.96	60.171
685.30	59.973
685.63	59.810
685.96	59.654
686.30	59.497
686.63	59.368
686.96	59.208
687.30	59.064
687.63	58.879
687.96	58.712
688.30	58.508
688.63	58.331
688.96	58.178
689.29	58.038
689.63	57.919
689.96	57.774
690.29	57.668
690.62	57.538
690.96	57.368
691.29	57.191
691.62	57.075
691.96	56.908
692.29	56.741
692.62	56.608
692.95	56.466
693.29	56.304
693.62	56.201
693.95	56.020
694.28	55.867
694.61	55.730
694.95	55.560
695.28	55.364
695.61	55.190
695.94	55.033
696.27	54.857
696.61	54.670
696.94	54.526
697.27	54.415
697.60	54.222
697.93	54.034
698.27	53.891
698.60	53.675
698.93	53.491
699.26	53.342
699.59	53.232
699.92	53.093
700.25	52.976
700.59	52.843
700.92	52.699
701.25	52.528
701.58	52.370
701.91	52.196
702.24	52.031
702.57	51.903
702.90	51.738
703.24	51.564
703.57	51.407
703.90	51.264
704.23	51.077
704.56	50.935
704.89	50.820
705.22	50.694
705.55	50.554
705.88	50.451
706.21	50.291
706.54	50.105
706.87	49.932
707.20	49.785
707.54	49.578
707.87	49.413
708.20	49.276
708.53	49.132
708.86	48.906
709.19	48.775
709.52	48.661
709.85	48.491
710.18	48.352
710.51	48.259
710.84	48.121
711.17	47.938
711.50	47.758
711.83	47.587
712.16	47.425
712.49	47.214
712.82	47.025
713.15	46.914
713.48	46.735
713.81	46.577
714.14	46.449
714.47	46.326
714.80	46.141
715.12	46.004
715.45	45.836
715.78	45.671
716.11	45.493
716.44	45.357
716.77	45.227
717.10	45.066
717.43	44.942
717.76	44.851
718.09	44.705
718.42	44.529
718.75	44.365
719.08	44.203
719.40	44.000
719.73	43.868
720.06	43.725
720.39	43.582
720.72	43.447
721.05	43.290
721.38	43.095
721.71	42.906
722.03	42.743
722.36	42.556
722.69	42.430
723.02	42.294
723.35	42.129
723.68	41.970
724.00	41.773
724.33	41.613
724.66	41.427
724.99	41.296
725.32	41.126
725.65	41.007
725.97	40.827
726.30	40.703
726.63	40.558
726.96	40.435
727.29	40.296
727.61	40.157
727.94	39.998
728.27	39.841
728.60	39.675
728.92	39.583
729.25	39.486
729.58	39.361
729.91	39.258
730.23	39.160
730.56	39.000
730.89	38.838
731.22	38.692
731.54	38.538
731.87	38.378
732.20	38.224
732.53	38.089
732.85	37.965
733.18	37.838
733.51	37.705
733.83	37.558
734.16	37.359
734.49	37.181
734.81	37.006
735.14	36.857
735.47	36.713
735.79	36.580
736.12	36.462
736.45	36.285
736.77	36.129
737.10	35.952
737.43	35.837
737.75	35.669
738.08	35.567
738.41	35.386
738.73	35.267
739.06	35.111
739.39	34.955
739.71	34.760
740.04	34.641
740.36	34.467
740.69	34.352
741.02	34.241
741.34	34.165
741.67	34.055
741.99	33.925
742.32	33.731
742.65	33.558
742.97	33.363
743.30	33.222
743.62	33.085
743.95	32.965
744.28	32.819
744.60	32.693
744.93	32.509
745.25	32.364
745.58	32.178
745.90	32.030
746.23	31.871
746.55	31.748
746.88	31.570
747.20	31.481
747.53	31.334
747.85	31.208
748.18	31.046
748.50	30.908
748.83	30.728
749.15	30.583
749.48	30.416
749.80	30.264
750.13	30.148
750.45	30.053
750.78	29.931
751.10	29.796
751.43	29.663
751.75	29.495
752.08	29.325
752.40	29.157
752.73	29.037
753.05	28.894
753.37	28.763
753.70	28.620
754.02	28.485
754.35	28.352
754.67	28.229
755.00	28.106
755.32	27.947
755.64	27.842
755.97	27.691
756.29	27.552
756.62	27.385
756.94	27.271
757.26	27.092
757.59	26.963
757.91	26.814
758.24	26.702
758.56	26.545
758.88	26.428
759.21	26.277
759.53	26.164
759.85	25.994
760.18	25.865
760.50	25.739
760.82	25.641
761.15	25.489
761.47	25.387
761.79	25.295
762.12	25.157
762.44	24.995
762.76	24.881
763.09	24.734
763.41	24.578
763.73	24.439
764.06	24.312
764.38	24.197
764.70	24.100
765.02	23.977
765.35	23.848
765.67	23.733
765.99	23.594
766.32	23.479
766.64	23.361
766.96	23.258
767.28	23.140
767.61	23.000
767.93	22.883
768.25	22.770
768.57	22.663
768.90	22.536
769.22	22.438
769.54	22.317
769.86	22.216
770.18	22.064
770.51	21.961
770.83	21.825
771.15	21.667
771.47	21.532
771.79	21.431
772.12	21.296
772.44	21.194
772.76	21.086
773.08	20.985
773.40	20.870
773.72	20.785
774.05	20.659
774.37	20.554
774.69	20.418
775.01	20.355
775.33	20.221
775.65	20.134
775.97	20.042
776.30	19.929
776.62	19.764
776.94	19.675
777.26	19.544
777.58	19.457
777.90	19.340
778.22	19.260
778.54	19.128
778.87	19.045
779.19	18.953
779.51	18.907
779.83	18.780
780.15	18.690
780.47	18.594
780.79	18.469
781.11	18.308
781.43	18.238
781.75	18.120
782.07	18.010
782.39	17.896
782.71	17.829
783.03	17.672
783.35	17.610
783.67	17.478
783.99	17.388
784.31	17.249
784.64	17.179
784.96	17.080
785.28	17.025
785.60	16.933
785.92	16.862
786.24	16.782
786.56	16.665
786.88	16.544
787.19	16.454
787.51	16.360
787.83	16.256
788.15	16.171
788.47	16.078
788.79	15.981
789.11	15.920
789.43	15.834
789.75	15.726
790.07	15.632
790.39	15.532
790.71	15.398
791.03	15.310
791.35	15.232
791.67	15.166
791.99	15.080
792.31	15.001
792.63	14.920
792.94	14.855
793.26	14.778
793.58	14.686
793.90	14.613
794.22	14.529
794.54	14.398
794.86	14.278
795.18	14.233
795.50	14.166
795.81	14.055
796.13	13.988
796.45	13.888
796.77	13.797
797.09	13.701
797.41	13.663
797.73	13.587
798.04	13.510
798.36	13.385
798.68	13.320
799.00	13.206
799.32	13.163
799.63	13.092
799.95	13.042
800.27	12.926
800.59	12.855
800.91	12.760
801.22	12.716
801.54	12.647
801.86	12.559
802.18	12.465
802.50	12.362
802.81	12.260
803.13	12.175
803.45	12.137
803.77	12.093
804.08	12.049
804.40	11.988
804.72	11.940
805.04	11.873
805.35	11.784
805.67	11.694
805.99	11.623
806.31	11.544
806.62	11.441
806.94	11.384
807.26	11.289
807.57	11.199
807.89	11.106
808.21	11.057
808.52	10.990
808.84	10.960
809.16	10.907
809.48	10.872
809.79	10.809
810.11	10.701
810.43	10.622
810.74	10.575
811.06	10.476
811.37	10.408
811.69	10.388
812.01	10.341
812.32	10.260
812.64	10.201
812.96	10.118
813.27	10.047
813.59	9.949
813.91	9.875
814.22	9.816
814.54	9.772
814.85	9.687
815.17	9.646
815.49	9.617
815.80	9.553
816.12	9.463
816.43	9.424
816.75	9.355
817.06	9.278
817.38	9.230
817.70	9.207
818.01	9.155
818.33	9.124
818.64	9.071
818.96	9.006
819.27	8.928
819.59	8.881
819.90	8.775
820.22	8.701
820.54	8.647
820.85	8.614
821.17	8.545
821.48	8.537
821.80	8.471
822.11	8.406
822.43	8.336
822.74	8.295
823.06	8.205
823.37	8.156
823.69	8.098
824.00	8.055
824.32	7.987
824.63	7.973
824.94	7.928
825.26	7.905
825.57	7.844
825.89	7.830
826.20	7.773
826.52	7.739
826.83	7.651
827.15	7.625
827.46	7.547
827.77	7.495
828.09	7.445
828.40	7.436
828.72	7.380
829.03	7.365
829.35	7.317
829.66	7.264
829.97	7.212
830.29	7.176
830.60	7.093
830.91	7.055
831.23	6.983
831.54	6.939
831.86	6.872
832.17	6.827
832.48	6.762
832.80	6.762
833.11	6.706
833.42	6.661
833.74	6.596
834.05	6.553
834.36	6.477
834.68	6.435
834.99	6.377
835.30	6.345
835.62	6.287
835.93	6.241
836.24	6.192
836.56	6.165
836.87	6.137
837.18	6.151
837.49	6.139
837.81	6.155
838.12	6.131
838.43	6.111
838.75	6.009
839.06	5.948
839.37	5.851
839.68	5.776
840.00	5.705
840.31	5.692
840.62	5.650
840.93	5.630
841.25	5.585
841.56	5.586
841.87	5.562
842.18	5.564
842.50	5.522
842.81	5.547
843.12	5.472
843.43	5.422
843.74	5.327
844.06	5.290
844.37	5.209
844.68	5.172
844.99	5.135
845.30	5.124
845.62	5.068
845.93	5.036
846.24	5.009
846.55	4.983
846.86	4.951
847.17	4.952
847.49	4.931
847.80	4.910
848.11	4.899
848.42	4.886
848.73	4.840
849.04	4.811
849.35	4.791
849.66	4.761
849.98	4.723
850.29	4.695
850.60	4.618
850.91	4.538
851.22	4.455
851.53	4.428
851.84	4.361
852.15	4.374
852.46	4.377
852.77	4.370
853.09	4.336
853.40	4.378
853.71	4.347
854.02	4.313
854.33	4.289
854.64	4.260
854.95	4.150
855.26	4.109
855.57	4.055
855.88	4.015
856.19	3.957
856.50	3.926
856.81	3.884
857.12	3.859
857.43	3.806
857.74	3.795
858.05	3.777
858.36	3.774
858.67	3.766
858.98	3.796
859.29	3.772
859.60	3.795
859.91	3.786
860.22	3.786
860.53	3.745
860.84	3.762
861.15	3.691
861.46	3.682
861.77	3.629
862.08	3.620
862.39	3.546
862.70	3.536
863.01	3.436
863.32	3.393
863.62	3.307
863.93	3.285
864.24	3.250
864.55	3.267
864.86	3.269
865.17	3.289
865.48	3.260
865.79	3.271
866.10	3.250
866.41	3.254
866.71	3.240
867.02	3.266
867.33	3.243
867.64	3.189
867.95	3.172
868.26	3.156
868.57	3.056
868.88	3.045
869.18	3.057
869.49	3.001
869.80	2.926
870.11	2.914
870.42	2.808
870.73	2.767
871.03	2.711
871.34	2.697
871.65	2.690
871.96	2.713
872.27	2.686
872.57	2.713
872.88	2.709
873.19	2.715
873.50	2.716
873.81	2.734
874.11	2.732
874.42	2.740
874.73	2.735
875.04	2.743
875.34	2.741
875.65	2.722
875.96	2.693
876.27	2.705
876.57	2.692
876.88	2.657
877.19	2.617
877.50	2.581
877.80	2.495
878.11	2.452
878.42	2.423
878.73	2.426
879.03	2.408
879.34	2.377
879.65	2.312
879.95	2.268
880.26	2.183
880.57	2.165
880.87	2.148
881.18	2.135
881.49	2.159
881.79	2.159
882.10	2.123
882.41	2.122
882.71	2.123
883.02	2.060
883.33	2.028
883.63	2.026
883.94	2.017
884.25	2.010
884.55	2.003
884.86	2.026
885.16	2.019
885.47	2.038
885.78	2.035
886.08	2.050
886.39	2.074
886.70	2.091
887.00	2.041
887.31	2.052
887.61	2.043
887.92	2.031
888.22	1.999
888.53	2.028
888.84	2.004
889.14	2.004
889.45	1.990
889.75	2.017
890.06	2.022
890.36	2.026
890.67	1.965
890.97	1.953
891.28	1.923
891.59	1.903
891.89	1.870
892.20	1.896
892.50	1.857
892.81	1.832
893.11	1.733
893.42	1.737
893.72	1.665
894.03	1.612
894.33	1.571
894.64	1.625
894.94	1.574
895.25	1.606
895.55	1.606
895.85	1.629
896.16	1.581
896.46	1.555
896.77	1.512
897.07	1.527
897.38	1.440
897.68	1.408
897.99	1.356
898.29	1.325
898.60	1.271
898.90	1.288
899.20	1.258
899.51	1.287
899.81	1.287
900.12	1.275
900.42	1.228
900.72	1.246
901.03	1.191
901.33	1.178
901.64	1.160
901.94	1.190
902.24	1.168
902.55	1.193
902.85	1.187
903.15	1.187
903.46	1.162
903.76	1.184
904.07	1.161
904.37	1.169
904.67	1.155
904.98	1.187
905.28	1.168
905.58	1.200
905.89	1.207
906.19	1.234
906.49	1.196
906.79	1.194
907.10	1.167
907.40	1.148
907.70	1.135
908.01	1.163
908.31	1.149
908.61	1.175
908.92	1.184
909.22	1.192
909.52	1.190
909.82	1.228
910.13	1.216
910.43	1.214
910.73	1.214
911.03	1.226
911.34	1.193
911.64	1.215
911.94	1.202
912.24	1.217
912.55	1.202
912.85	1.205
913.15	1.180
913.45	1.226
913.75	1.226
914.06	1.246
914.36	1.247
914.66	1.265
914.96	1.205
915.26	1.225
915.57	1.195
915.87	1.214
916.17	1.188
916.47	1.204
916.77	1.151
917.08	1.171
917.38	1.134
917.68	1.165
917.98	1.176
918.28	1.203
918.58	1.152
918.88	1.173
919.19	1.147
919.49	1.130
919.79	1.104
920.09	1.152
920.39	1.127
920.69	1.152
920.99	1.127
921.29	1.158
921.59	1.141
921.90	1.135
922.20	1.072
922.50	1.106
922.80	1.066
923.10	1.051
923.40	1.039
923.70	1.102
924.00	1.054
924.30	1.096
924.60	1.049
924.90	1.062
925.20	0.992
925.50	1.025
925.80	0.955
926.10	0.951
926.40	0.868
926.71	0.840
927.01	0.798
927.31	0.848
927.61	0.855
927.91	0.921
928.21	0.891
928.51	0.822
928.81	0.726
929.11	0.738
929.41	0.651
929.71	0.621
930.00	0.633
930.30	0.574
930.60	0.486
930.90	0.468
931.20	0.480
931.50	0.489
931.80	0.456
932.10	0.423
932.40	0.437
932.70	0.419
933.00	0.355
933.30	0.417
933.60	0.384
933.90	0.366
934.20	0.348
934.50	0.348
934.80	0.276
935.09	0.310
935.39	0.349
935.69	0.389
935.99	0.372
936.29	0.396
936.59	0.358
936.89	0.270
937.19	0.152
937.49	0.145
937.78	0.113
938.08	0.156
938.38	0.150
938.68	0.226
938.98	0.190
939.28	0.213
939.57	0.142
939.87	0.196
940.17	0.152
940.47	0.245
940.77	0.198
941.07	0.331
941.36	0.282
941.66	0.305
941.96	0.252
942.26	0.354
942.56	0.259
942.85	0.403
943.15	0.345
943.45	0.490
943.75	0.470
944.05	0.486
944.34	0.342
944.64	0.439
944.94	0.256
945.24	0.233
945.53	0.174
945.83	0.269
946.13	0.210
946.43	0.263
946.72	0.205
947.02	0.332
947.32	0.236
947.61	0.321
947.91	0.336
948.21	0.417
948.51	0.361
948.80	0.372
949.10	0.251
949.40	0.263
949.69	0.210
949.99	0.188
950.29	0.202
