690.29	0.043
690.62	0.034
690.96	0.034
691.29	0.025
691.62	0.030
691.96	0.030
692.29	0.039
692.62	0.047
692.95	0.056
693.29	0.052
693.62	0.047
693.95	0.039
694.28	0.030
694.61	0.016
694.95	0.030
695.28	0.030
695.61	0.034
695.94	0.034
696.27	0.043
696.61	0.025
696.94	0.025
697.27	0.021
697.60	0.021
697.93	0.012
698.27	0.017
698.60	0.017
698.93	0.035
699.26	0.039
699.59	0.056
699.92	0.065
700.25	0.074
700.59	0.083
700.92	0.118
701.25	0.171
701.58	0.231
701.91	0.305
702.24	0.373
702.57	0.421
702.90	0.448
703.24	0.493
703.57	0.569
703.90	0.653
704.23	0.747
704.56	0.913
704.89	1.074
705.22	1.228
705.55	1.411
705.88	1.664
706.21	1.886
706.54	2.146
706.87	2.445
707.20	2.781
707.54	3.128
707.87	3.509
708.20	3.942
708.53	4.372
708.86	4.832
709.19	5.318
709.52	5.852
709.85	6.391
710.18	7.004
710.51	7.628
710.84	8.319
711.17	9.005
711.50	9.748
711.83	10.485
712.16	11.287
712.49	12.076
712.82	12.928
713.15	13.801
713.48	14.746
713.81	15.703
714.14	16.701
714.47	17.692
714.80	18.759
715.12	19.835
715.45	20.955
715.78	22.146
716.11	23.422
716.44	24.704
716.77	26.050
717.10	27.393
717.43	28.770
717.76	30.188
718.09	31.631
718.42	33.067
718.75	34.591
719.08	36.099
719.40	37.662
719.73	39.212
720.06	40.766
720.39	42.239
720.72	43.780
721.05	45.217
721.38	46.694
721.71	48.117
722.03	49.516
722.36	50.782
722.69	52.054
723.02	53.198
723.35	54.286
723.68	55.339
724.00	56.331
724.33	57.202
724.66	58.044
724.99	58.860
725.32	59.564
725.65	60.194
725.97	60.828
726.30	61.425
726.63	61.928
726.96	62.438
727.29	62.907
727.61	63.350
727.94	63.794
728.27	64.201
728.60	64.622
728.92	65.084
729.25	65.541
729.58	65.954
729.91	66.396
730.23	66.860
730.56	67.295
730.89	67.773
731.22	68.265
731.54	68.786
731.87	69.327
732.20	69.889
732.53	70.400
732.85	70.946
733.18	71.534
733.51	72.083
733.83	72.653
734.16	73.229
734.49	73.805
734.81	74.404
735.14	75.004
735.47	75.588
735.79	76.188
736.12	76.807
736.45	77.293
736.77	77.832
737.10	78.360
737.43	78.841
737.75	79.322
738.08	79.770
738.41	80.196
738.73	80.571
739.06	80.932
739.39	81.210
739.71	81.601
740.04	81.913
740.36	82.228
740.69	82.525
741.02	82.913
741.34	83.200
741.67	83.517
741.99	83.862
742.32	84.223
742.65	84.489
742.97	84.785
743.30	85.084
743.62	85.404
743.95	85.757
744.28	86.130
744.60	86.499
744.93	86.876
745.25	87.265
745.58	87.642
745.90	88.044
746.23	88.451
746.55	88.908
746.88	89.303
747.20	89.702
747.53	90.092
747.85	90.484
748.18	90.813
748.50	91.121
748.83	91.429
749.15	91.686
749.48	92.021
749.80	92.303
750.13	92.566
750.45	92.766
750.78	92.957
751.10	92.991
751.43	93.044
751.75	93.136
752.08	93.140
752.40	93.112
752.73	93.134
753.05	93.054
753.37	92.951
753.70	92.828
754.02	92.727
754.35	92.576
754.67	92.395
755.00	92.197
755.32	92.017
755.64	91.785
755.97	91.550
756.29	91.302
756.62	91.017
756.94	90.728
757.26	90.451
757.59	90.199
757.91	90.040
758.24	89.844
758.56	89.749
758.88	89.658
759.21	89.491
759.53	89.292
759.85	89.206
760.18	89.050
760.50	88.909
760.82	88.907
761.15	89.009
761.47	89.055
761.79	89.152
762.12	89.319
762.44	89.360
762.76	89.353
763.09	89.448
763.41	89.571
763.73	89.686
764.06	89.860
764.38	90.116
764.70	90.302
765.02	90.531
765.35	90.726
765.67	91.026
765.99	91.213
766.32	91.388
766.64	91.615
766.96	91.860
767.28	92.002
767.61	92.261
767.93	92.556
768.25	92.732
768.57	92.920
768.90	93.109
769.22	93.296
769.54	93.431
769.86	93.629
770.18	93.813
770.51	94.041
770.83	94.175
771.15	94.338
771.47	94.480
771.79	94.508
772.12	94.545
772.44	94.606
772.76	94.636
773.08	94.644
773.40	94.719
773.72	94.728
774.05	94.750
774.37	94.748
774.69	94.761
775.01	94.820
775.33	94.832
775.65	94.854
775.97	94.954
776.30	94.986
776.62	94.976
776.94	94.975
777.26	94.933
777.58	94.901
777.90	94.878
778.22	94.829
778.54	94.816
778.87	94.823
779.19	94.775
779.51	94.751
779.83	94.738
780.15	94.641
780.47	94.584
780.79	94.548
781.11	94.477
781.43	94.400
781.75	94.414
782.07	94.388
782.39	94.293
782.71	94.217
783.03	94.149
783.35	94.074
783.67	93.960
783.99	93.912
784.31	93.874
784.64	93.829
784.96	93.782
785.28	93.755
785.60	93.769
785.92	93.722
786.24	93.681
786.56	93.636
786.88	93.588
787.19	93.515
787.51	93.475
787.83	93.477
788.15	93.522
788.47	93.540
788.79	93.581
789.11	93.581
789.43	93.573
789.75	93.575
790.07	93.670
790.39	93.706
790.71	93.832
791.03	93.919
791.35	94.034
791.67	94.048
791.99	94.101
792.31	94.162
792.63	94.295
792.94	94.413
793.26	94.629
793.58	94.807
793.90	94.964
794.22	95.040
794.54	95.146
794.86	95.253
795.18	95.362
795.50	95.536
795.81	95.769
796.13	95.902
796.45	95.948
796.77	95.998
797.09	96.107
797.41	96.160
797.73	96.303
798.04	96.391
798.36	96.578
798.68	96.592
799.00	96.640
799.32	96.680
799.63	96.807
799.95	96.825
800.27	96.970
800.59	97.061
800.91	97.134
801.22	97.194
801.54	97.268
801.86	97.220
802.18	97.213
802.50	97.194
802.81	97.183
803.13	97.156
803.45	97.216
803.77	97.248
804.08	97.230
804.40	97.245
804.72	97.240
805.04	97.217
805.35	97.152
805.67	97.073
805.99	97.007
806.31	96.995
806.62	96.858
806.94	96.775
807.26	96.814
807.57	96.754
807.89	96.651
808.21	96.667
808.52	96.689
808.84	96.569
809.16	96.557
809.48	96.531
809.79	96.438
810.11	96.407
810.43	96.379
810.74	96.328
811.06	96.312
811.37	96.303
811.69	96.257
812.01	96.253
812.32	96.243
812.64	96.205
812.96	96.221
813.27	96.178
813.59	96.143
813.91	96.116
814.22	96.088
814.54	96.068
814.85	96.008
815.17	95.982
815.49	95.998
815.80	95.987
816.12	95.944
816.43	96.067
816.75	96.196
817.06	96.162
817.38	96.183
817.70	96.238
818.01	96.190
818.33	96.109
818.64	96.167
818.96	96.203
819.27	96.255
819.59	96.336
819.90	96.405
820.22	96.396
820.54	96.407
820.85	96.449
821.17	96.417
821.48	96.495
821.80	96.629
822.11	96.746
822.43	96.799
822.74	96.927
823.06	96.944
823.37	96.957
823.69	96.951
824.00	97.002
824.32	96.990
824.63	97.052
824.94	97.056
825.26	97.135
825.57	97.167
825.89	97.196
826.20	97.255
826.52	97.290
826.83	97.309
827.15	97.283
827.46	97.363
827.77	97.276
828.09	97.220
828.40	97.129
828.72	97.178
829.03	97.077
829.35	97.033
829.66	96.971
829.97	97.006
830.29	96.848
830.60	96.811
830.91	96.760
831.23	96.766
831.54	96.708
831.86	96.703
832.17	96.614
832.48	96.524
832.80	96.463
833.11	96.422
833.42	96.393
833.74	96.409
834.05	96.386
834.36	96.342
834.68	96.241
834.99	96.163
835.30	96.100
835.62	96.097
835.93	96.034
836.24	96.034
836.56	96.025
836.87	96.010
837.18	96.068
837.49	96.057
837.81	96.048
838.12	96.039
838.43	96.012
838.75	95.925
839.06	95.950
839.37	95.981
839.68	96.077
840.00	96.150
840.31	96.185
840.62	96.237
840.93	96.273
841.25	96.234
841.56	96.242
841.87	96.288
842.18	96.348
842.50	96.395
842.81	96.397
843.12	96.503
843.43	96.570
843.74	96.610
844.06	96.681
844.37	96.802
844.68	96.751
844.99	96.867
845.30	96.883
845.62	96.912
845.93	96.902
846.24	96.987
846.55	96.896
846.86	96.996
847.17	96.970
847.49	97.057
847.80	97.072
848.11	97.133
848.42	97.079
848.73	97.101
849.04	97.090
849.35	97.048
849.66	97.029
849.98	97.070
850.29	97.112
850.60	97.025
850.91	97.046
851.22	97.042
851.53	96.968
851.84	96.890
852.15	96.887
852.46	96.892
852.77	96.864
853.09	96.897
853.40	96.928
853.71	96.980
854.02	96.851
854.33	96.886
854.64	96.778
854.95	96.637
855.26	96.461
855.57	96.508
855.88	96.387
856.19	96.372
856.50	96.336
856.81	96.296
857.12	96.159
857.43	96.108
857.74	96.027
858.05	96.038
858.36	96.061
858.67	95.986
858.98	95.843
859.29	95.740
859.60	95.597
859.91	95.459
860.22	95.378
860.53	95.314
860.84	95.201
861.15	95.170
861.46	95.087
861.77	95.008
862.08	94.876
862.39	94.824
862.70	94.595
863.01	94.455
863.32	94.323
863.62	94.220
863.93	94.052
864.24	93.914
864.55	93.791
864.86	93.597
865.17	93.471
865.48	93.247
865.79	93.133
866.10	92.906
866.41	92.806
866.71	92.567
867.02	92.501
867.33	92.385
867.64	92.287
867.95	92.185
868.26	92.151
868.57	92.088
868.88	91.944
869.18	91.811
869.49	91.753
869.80	91.772
870.11	91.678
870.42	91.727
870.73	91.734
871.03	91.816
871.34	91.889
871.65	92.081
871.96	92.257
872.27	92.558
872.57	92.813
872.88	93.003
873.19	93.261
873.50	93.571
873.81	93.947
874.11	94.216
874.42	94.659
874.73	94.991
875.04	95.279
875.34	95.508
875.65	95.651
875.96	95.594
876.27	95.421
876.57	95.095
876.88	94.392
877.19	93.541
877.50	92.361
877.80	90.998
878.11	89.166
878.42	87.019
878.73	84.419
879.03	81.504
879.34	78.082
879.65	74.348
879.95	70.330
880.26	66.136
880.57	61.735
880.87	57.449
881.18	53.093
881.49	48.874
881.79	44.836
882.10	41.007
882.41	37.256
882.71	33.806
883.02	30.608
883.33	27.647
883.63	24.927
883.94	22.558
884.25	20.346
884.55	18.390
884.86	16.559
885.16	14.923
885.47	13.390
885.78	12.087
886.08	10.865
886.39	9.810
886.70	8.846
887.00	8.073
887.31	7.300
887.61	6.600
887.92	6.024
888.22	5.512
888.53	4.981
888.84	4.585
889.14	4.213
889.45	3.816
889.75	3.490
890.06	3.252
890.36	2.896
890.67	2.658
890.97	2.460
891.28	2.286
891.59	2.083
891.89	1.957
892.20	1.829
892.50	1.644
892.81	1.463
893.11	1.325
893.42	1.222
893.72	1.144
894.03	1.126
894.33	1.100
894.64	1.068
894.94	1.071
895.25	1.029
895.55	0.981
895.85	0.914
896.16	0.887
896.46	0.836
896.77	0.806
897.07	0.732
897.38	0.670
897.68	0.565
897.99	0.495
898.29	0.382
898.60	0.331
898.90	0.290
899.20	0.260
899.51	0.207
899.81	0.208
900.12	0.166
900.42	0.199
900.72	0.167
901.03	0.146
901.33	0.125
901.64	0.157
901.94	0.114
902.24	0.126
902.55	0.126
902.85	0.158
903.15	0.137
903.46	0.159
903.76	0.148
904.07	0.148
904.37	0.105
904.67	0.116
904.98	0.073
905.28	0.063
905.58	0.041
905.89	0.074
906.19	0.063
906.49	0.096
906.79	0.107
907.10	0.119
907.40	0.074
907.70	0.118
908.01	0.096
908.31	0.119
908.61	0.140
908.92	0.163
909.22	0.141
909.52	0.164
909.82	0.142
910.13	0.154
910.43	0.131
910.73	0.109
911.03	0.076
911.34	0.088
911.64	0.042
911.94	0.054
912.24	0.054
912.55	0.077
912.85	0.054
913.15	0.066
913.45	0.054
913.75	0.055
914.06	0.043
914.36	0.067
914.66	0.078
914.96	0.102
915.26	0.091
915.57	0.114
915.87	0.102
916.17	0.091
916.47	0.067
916.77	0.079
917.08	0.056
917.38	0.056
917.68	0.044
917.98	0.092
918.28	0.081
918.58	0.105
918.88	0.093
919.19	0.106
919.49	0.082
919.79	0.107
920.09	0.082